Title: Saturn's G and D rings provide nearly complete measured scattering/phase 
       functions of nearby debris disks  
Authors: Hedman M.M., Stark C.C. 
Table: Normal Equivalent Width estimates for D68 ringlet derived from 
       observations at scattering angles below 15 deg
================================================================================
Byte-by-byte Description of file: apj519262t2_mrt.txt
--------------------------------------------------------------------------------
   Bytes Format Units Label    Explanations
--------------------------------------------------------------------------------
   1- 11 A11    ---   Image    Image Name
  13- 28 F16.6  s     ET       Ephemeris Time; seconds past J2000 epoch
  30- 34 F5.2   deg   {theta}  Scattering angle at the ring
  36- 41 F6.2   deg   B        Opening angle of the ring to the spacecraft
  43- 48 F6.2   deg   MinLon   Minimum of Longitude Range
  50- 55 F6.2   deg   MaxLon   Maximum of Longitude Range
  57- 64 F8.2   m     NEW-INT  Normal equivalent width; Integrated Method
  66- 73 F8.2   m     NEW-FIT  Normal equivalent width; Fit Method
--------------------------------------------------------------------------------
W1537005177 256801306.743551  0.56  15.42 293.41 299.88 10048.16 15297.32 
W1537006505 256801339.747224  0.61  15.40 293.37 299.97  9060.68 15362.94 
W1537005177 336715092.863261  0.63  15.37 286.71 293.29  8709.91 12524.48 
W1537006505 336719142.834170  0.68  15.35 286.66 293.25  7779.63 12043.77 
W1537005177 414063384.998397  0.69  15.31 280.00 286.59  7818.31 10072.35 
W1537005177 414063701.031543  0.73  15.25 273.29 279.88  7119.29  9211.29 
W1537006505 211584138.991393  0.74  15.29 280.06 286.54  7002.43  9404.19 
W1537005177 211585466.986816  0.76  15.20 266.71 273.17  6876.74  9798.16 
W1537006505 211607287.795406  0.78  15.23 273.34 279.94  6584.09  8547.55 
W1537005177 211608039.790603  0.79  15.15 260.00 266.59  6740.39 10747.10 
W1537006505 211629117.551594  0.81  15.18 266.63 273.22  6322.88  9256.82 
W1537006505 211629536.533293  0.83  15.13 260.03 266.51  6240.54 10262.77 
W1537028326 211629955.530616  1.50  15.07 293.37 299.97  1111.50  1285.78 
W1537028326 256801306.743551  1.56  15.02 286.66 293.25   996.88   963.48 
W1537028326 256801339.747224  1.61  14.96 280.06 286.53   937.92   835.82 
W1537028326 336715092.863261  1.63  14.80 260.03 266.50   891.78  1086.18 
W1537028326 336715807.877656  1.63  14.91 273.34 279.94   898.48   831.75 
W1537028326 336719142.834170  1.64  14.86 266.63 273.22   892.54   927.70 
W1537050994 405797059.307068  1.66  14.75  79.31  85.67   929.97  1042.85 
W1537050575 414063384.998397  1.66  14.75  79.31  85.67   917.85  1054.84 
W1537050156 414063701.031543  1.67  14.76  79.41  85.75   877.01   987.26 
W1537050994 427552287.793448  1.72  14.70  85.79  92.15   840.64   839.92 
W1537050575 427553787.783921  1.73  14.70  85.79  92.02   824.24   821.97 
W1537050156 211584138.991393  1.74  14.71  85.88  92.22   793.86   792.40 
W1537050994 211585466.986816  1.77  14.65  92.27  98.63   783.84   719.52 
W1537050575 211607287.795406  1.78  14.65  92.15  98.50   760.14   704.94 
W1537050156 211608039.790603  1.79  14.66  92.35  98.69   737.24   685.63 
W1752974769 211629117.551594  1.79 -18.78  11.67  18.73   543.72   490.41 
W1537050994 211629536.533293  1.81  14.60  98.75 105.11   743.32   692.40 
W1537050575 211629955.530616  1.82  14.60  98.63 104.98   719.80   673.87 
W1537050156 256801306.743551  1.83  14.61  98.82 105.16   706.28   659.80 
W1537050994 256801339.747224  1.83  14.55 105.23 111.59   730.15   731.08 
W1537050994 336715092.863261  1.83  14.50 111.71 118.07   724.42   841.75 
W1537050575 336715807.877656  1.84  14.55 105.11 111.46   701.72   705.67 
W1537050575 336719142.834170  1.84  14.51 111.59 117.82   699.46   796.40 
W1537050156 405797059.307068  1.84  14.56 105.29 111.63   688.78   701.86 
W1537050156 414063384.998397  1.85  14.51 111.76 118.10   697.77   825.59 
W1752974769 414063701.031543  1.90 -18.65   4.60  11.61   473.07   410.26 
W1752974769 427552287.793448  1.96 -18.16 -23.73 -16.73   486.40   456.77 
W1752974769 427553787.783921  1.97 -18.53  -2.47   4.54   443.35   373.28 
W1752974769 211584138.991393  2.00 -18.28 -16.67  -9.66   454.05   400.71 
W1752974769 211585466.986816  2.00 -18.40  -9.60  -2.53   438.28   371.85 
W1537029078 211607287.795406  2.28  15.06  79.94  86.54   245.36   324.77 
W1537029078 211608039.790603  2.34  15.00  86.67  93.15   236.44   277.82 
W1537029078 211629117.551594  2.36  14.79 113.33 119.94   213.39   326.71 
W1537029078 211629536.533293  2.38  14.95  93.27  99.88   222.30   244.76 
W1537029078 211629955.530616  2.38  14.84 106.73 113.21   216.03   279.20 
W1537029078 256801306.743551  2.39  14.89 100.00 106.61   216.23   250.61 
W1739486096 256801339.747224  3.28 -17.33 187.82 193.72    76.16    78.21 
W1731219402 336715092.863261  3.29 -16.71 -28.04 -21.07    82.21   105.04 
W1739485780 336715807.877656  3.43 -17.53 187.80 193.75    65.69    65.16 
W1731219402 336719142.834170  3.46 -16.87 -20.99 -14.10    75.55    88.55 
W1739486096 405797059.307068  3.48 -17.52 181.89 187.79    68.98    64.90 
W1739486096 414063384.998397  3.49 -18.80 146.31 152.21    83.28    78.14 
W1731219402 414063701.031543  3.50 -17.57   7.14  14.03    77.76    96.27 
W1731219402 427552287.793448  3.56 -17.04 -14.02  -7.04    70.35    78.37 
W1731219402 427553787.783921  3.58 -17.40   0.09   7.06    69.82    80.19 
W1731219402 211584138.991393  3.60 -17.22  -6.96   0.01    66.12    75.40 
W1739486096 211585466.986816  3.62 -17.72 175.96 181.86    62.50    56.20 
W1739486096 211607287.795406  3.63 -18.58 152.24 158.14    69.79    61.43 
W1739485780 211608039.790603  3.65 -17.72 181.82 187.77    54.63    56.51 
W1739486096 211629117.551594  3.71 -17.93 170.03 175.93    60.21    50.64 
W1739486096 211629536.533293  3.71 -18.36 158.17 164.07    61.74    51.98 
W1739485780 211629955.530616  3.73 -19.03 145.89 151.84    67.03    62.33 
W1739486096 256801306.743551  3.74 -18.14 164.10 170.00    59.56    48.84 
W1739485780 256801339.747224  3.80 -17.93 175.81 181.79    53.01    48.94 
W1739485780 336715092.863261  3.86 -18.81 151.87 157.85    53.43    48.38 
W1739485780 336715807.877656  3.91 -18.14 169.83 175.78    50.62    44.02 
W1739485780 336719142.834170  3.93 -18.58 157.88 163.83    51.31    40.84 
W1739485780 405797059.307068  3.95 -18.36 163.86 169.80    49.01    42.05 
W1752976269 414063384.998397  4.31 -18.44 156.27 163.25    54.08    55.99 
W1752976269 414063701.031543  4.35 -17.83 191.69 198.73    53.64    61.00 
W1752976269 427552287.793448  4.41 -18.31 163.31 170.36    54.06    52.63 
W1752976269 427553787.783921  4.43 -17.95 184.58 191.63    51.98    53.20 
W1752976269 211584138.991393  4.46 -18.19 170.42 177.47    53.78    49.98 
W1752976269 211585466.986816  4.47 -18.06 177.53 184.52    52.92    50.41 
W1493791439 211607287.795406  4.90  20.40 241.85 242.87    25.67    20.47 
W1493791439 211608039.790603  4.97  20.48 242.88 243.90    24.31    19.49 
W1493791755 211629117.551594  5.71  20.41 242.90 243.93    17.42    13.94 
W1493791755 211629536.533293  5.79  20.49 243.94 244.98    16.96    13.39 
W1662141044 211629955.530616  6.31  -4.22 120.13 125.36    19.85    22.65 
W1662141044 256801306.743551  6.34  -3.80 156.88 162.11    15.68    22.27 
W1662141044 256801339.747224  6.55  -4.16 125.38 130.61    17.02    17.25 
W1662141044 336715092.863261  6.55  -3.85 151.62 156.85    14.59    17.16 
W1662136994 336715807.877656  6.57  -4.41 -11.93  -6.52    15.07    19.18 
W1662136994 336719142.834170  6.59  -3.99 -49.98 -44.57    15.93    27.50 
W1662141044 405797059.307068  6.70  -3.91 146.37 151.60    13.75    14.02 
W1662141044 414063384.998397  6.71  -4.09 130.63 135.86    15.80    14.16 
W1662141044 414063701.031543  6.78  -3.97 141.14 146.35    13.54    12.62 
W1662141044 427552287.793448  6.78  -4.03 135.89 141.12    14.34    12.61 
W1662136994 427553787.783921  6.81  -4.04 -44.54 -39.13    15.67    20.05 
W1662136994 168371692.245507  6.81  -4.35 -17.37 -11.96    15.58    16.56 
W1662136994 168372352.249089  6.96  -4.10 -39.10 -33.69    14.95    15.15 
W1662136994 168372532.240123  6.97  -4.28 -22.81 -17.40    14.90    13.15 
W1662136994 211584138.991393  7.04  -4.16 -33.66 -28.25    14.19    12.22 
W1662136994 211585466.986816  7.04  -4.22 -28.22 -22.84    13.96    11.63 
W1493792275 211607287.795406  7.04  20.41 244.54 245.61    11.73     8.96 
W1493792275 211608039.790603  7.12  20.49 245.62 246.70    11.09     8.83 
W1493792455 211629117.551594  7.41  20.33 243.98 245.06    10.04     8.12 
W1493792455 211629536.533293  7.50  20.41 245.07 246.16     9.61     7.87 
W1493792455 211629955.530616  7.58  20.49 246.17 247.25     9.64     7.75 
W1582222640 256801306.743551  7.74   2.42 313.61 316.99    17.44    15.44 
W1582222673 256801339.747224  7.92   2.29 313.65 317.01    17.51    15.12 
W1582222640 336715092.863261  7.93   2.37 310.24 313.59    15.86    12.75 
W1582222640 336715807.877656  8.03   2.10 289.91 293.29    15.02    15.23 
W1582222640 336719142.834170  8.06   2.32 306.84 310.21    14.84    10.62 
W1582222673 405797059.307068  8.11   2.24 310.29 313.62    16.32    12.77 
W1582222640 414063384.998397  8.12   2.14 293.31 296.66    13.96    12.87 
W1582222640 414063701.031543  8.15   2.27 303.46 306.81    14.91     9.73 
W1582222640 427552287.793448  8.17   2.18 296.69 300.06    13.94    10.95 
W1582222640 427553787.783921  8.18   2.23 300.09 303.44    15.17     9.53 
W1582222673 168370676.259831  8.19   1.99 289.99 293.35    15.03    15.96 
W1582222673 168370992.257806  8.24   2.19 306.90 310.26    13.99    10.48 
W1582222673 168371512.254473  8.28   2.03 293.38 296.74    12.96    12.97 
W1582222673 168371692.245507  8.32   2.15 303.51 306.88    15.41    10.38 
W1582222673 168372352.249089  8.34   2.07 296.76 300.10    13.07    10.84 
W1582222673 168372532.240123  8.35   2.11 300.13 303.49    13.29     9.23 
W1493793115 256801306.743551  9.05  20.30 245.94 247.08     6.94     6.01 
W1493793115 256801339.747224  9.14  20.38 247.09 248.22     6.94     5.86 
W1493793115 336715092.863261  9.22  20.46 248.23 249.37     7.47     5.76 
W1662137709 336715807.877656  9.40  -3.90 159.57 165.02     5.11     8.97 
W1493793295 336719142.834170  9.48  20.29 246.45 247.59     7.58     5.79 
W1493793295 414063384.998397  9.57  20.37 247.60 248.74     7.43     5.64 
W1493793295 414063701.031543  9.66  20.45 248.75 249.89     7.31     5.48 
W1662137709 168370676.259831  9.69  -3.96 154.09 159.54     7.63    11.30 
W1662137709 168370992.257806  9.92  -4.01 148.61 154.06     7.58     9.34 
W1662137709 168371512.254473  9.96  -4.32 121.15 126.63     9.41     9.69 
W1662137709 168371692.245507 10.09  -4.07 143.10 148.58     7.70     8.01 
W1662137709 168372352.249089 10.11  -4.25 126.66 132.11     9.12     8.09 
W1662137709 168372532.240123 10.18  -4.13 137.62 143.07     7.94     7.45 
W1662137709 336715807.877656 10.19  -4.19 132.14 137.59     8.66     7.57 
