N1532676869 2006-208T07:03:02 248.0 150.4  75.8 188.5  67660.5 10.8
N1536743096 2006-255T08:33:03  81.3 161.0  70.0 190.1  67615.9  9.1
N1541397571 2006-309T05:27:07 307.3 154.4  77.5 192.0  67608.7  9.4
N1543426394 2006-332T17:00:34 309.9 157.8  74.6 192.8  67660.2  9.8
N1546070460 2006-363T07:28:14 133.0 131.8 106.6 193.9  67629.8  6.1
N1546071691 2006-363T07:48:45 147.6 131.6 106.7 193.9  67626.4  6.1
N1550157836 2007-045T14:50:40 297.4 161.9  62.7 195.5  67633.9  8.9
N1550158151 2007-045T14:55:55 297.5 161.9  62.8 195.5  67632.5  8.9
N1550158467 2007-045T15:01:11 297.5 161.9  62.8 195.5  67632.0  8.9
N1550158783 2007-045T15:06:27 297.5 161.9  62.9 195.5  67631.7  8.9
N1550159099 2007-045T15:11:43 297.5 161.9  62.9 195.5  67630.5  8.9
N1550159415 2007-045T15:16:59 297.5 161.9  62.9 195.5  67630.9  8.9
N1550159731 2007-045T15:22:15 297.6 161.9  63.0 195.5  67632.8  8.9
N1550160047 2007-045T15:27:31 297.6 161.9  63.0 195.5  67631.2  8.9
N1550160363 2007-045T15:32:47 297.5 161.9  63.1 195.5  67631.5  8.9
N1550160679 2007-045T15:38:03 297.7 162.0  63.1 195.5  67628.2  8.9
N1550160995 2007-045T15:43:19 297.8 162.0  63.2 195.5  67629.6  8.8
N1550161311 2007-045T15:48:35 297.7 162.0  63.2 195.5  67630.1  8.8
N1550161627 2007-045T15:53:51 297.7 162.0  63.3 195.5  67631.0  8.8
N1550161943 2007-045T15:59:07 297.8 162.0  63.3 195.5  67631.0  8.8
N1550162259 2007-045T16:04:23 297.8 162.0  63.4 195.5  67627.9  8.8
N1550162575 2007-045T16:09:39 297.9 162.0  63.4 195.5  67629.9  8.8
N1550162891 2007-045T16:14:55 297.9 162.0  63.5 195.5  67628.5  8.8
N1550163207 2007-045T16:20:11 298.0 162.0  63.5 195.5  67629.5  8.8
N1550163523 2007-045T16:25:27 297.9 162.0  63.6 195.5  67626.3  8.8
N1550163839 2007-045T16:30:43 297.9 162.0  63.6 195.5  67629.2  8.8
N1550164155 2007-045T16:35:59 297.9 162.0  63.6 195.5  67629.0  8.8
N1550164471 2007-045T16:41:15 298.0 162.0  63.7 195.5  67625.7  8.8
N1550164787 2007-045T16:46:31 298.2 162.1  63.7 195.5  67629.3  8.8
N1550165103 2007-045T16:51:47 298.1 162.1  63.8 195.5  67626.0  8.8
N1550165419 2007-045T16:57:03 298.1 162.1  63.8 195.5  67627.2  8.8
N1550165735 2007-045T17:02:19 298.1 162.1  63.9 195.5  67626.7  8.8
N1550166051 2007-045T17:07:35 298.2 162.1  63.9 195.5  67626.2  8.8
N1550166367 2007-045T17:12:51 298.3 162.1  64.0 195.5  67626.1  8.8
N1550166683 2007-045T17:18:07 298.3 162.1  64.0 195.5  67626.6  8.8
N1550166999 2007-045T17:23:23 298.3 162.1  64.1 195.5  67627.0  8.8
N1550167315 2007-045T17:28:39 298.5 162.1  64.1 195.5  67626.3  8.8
N1550167631 2007-045T17:33:55 298.4 162.1  64.2 195.5  67626.1  8.8
N1550167947 2007-045T17:39:11 298.4 162.1  64.2 195.5  67627.4  8.8
N1550168263 2007-045T17:44:27 298.5 162.1  64.2 195.5  67625.1  8.8
N1550168579 2007-045T17:49:43 298.5 162.1  64.3 195.5  67627.0  8.8
N1550168895 2007-045T17:54:59 298.6 162.1  64.3 195.5  67627.9  8.8
N1550169211 2007-045T18:00:15 298.6 162.1  64.4 195.5  67628.8  8.8
N1550169527 2007-045T18:05:31 298.6 162.1  64.4 195.5  67626.0  8.8
N1550169843 2007-045T18:10:47 298.6 162.1  64.5 195.5  67628.9  8.8
N1550170159 2007-045T18:16:03 298.6 162.1  64.5 195.5  67626.1  8.8
N1550170475 2007-045T18:21:19 298.7 162.1  64.6 195.5  67628.7  8.8
N1550170791 2007-045T18:26:35 298.7 162.1  64.6 195.5  67627.6  8.8
N1550171107 2007-045T18:31:51 298.8 162.1  64.7 195.5  67626.5  8.8
N1550171423 2007-045T18:37:07 298.8 162.2  64.7 195.5  67629.4  8.8
N1550171739 2007-045T18:42:23 298.8 162.2  64.8 195.5  67629.7  8.8
N1550172055 2007-045T18:47:39 298.8 162.2  64.8 195.5  67628.2  8.8
N1550172371 2007-045T18:52:55 298.8 162.2  64.9 195.5  67627.6  8.8
N1550172687 2007-045T18:58:11 298.8 162.2  64.9 195.5  67626.9  8.8
N1550173003 2007-045T19:03:27 298.9 162.2  65.0 195.5  67627.7  8.8
N1550173319 2007-045T19:08:43 299.0 162.2  65.0 195.5  67629.9  8.8
N1550173635 2007-045T19:13:59 298.9 162.2  65.1 195.5  67628.3  8.7
N1550173951 2007-045T19:19:15 299.0 162.2  65.1 195.5  67626.7  8.7
N1550174267 2007-045T19:24:31 299.1 162.2  65.1 195.5  67627.5  8.7
N1550174583 2007-045T19:29:47 299.1 162.2  65.2 195.5  67626.6  8.7
N1550174899 2007-045T19:35:03 299.1 162.2  65.2 195.5  67625.4  8.7
N1550175215 2007-045T19:40:19 299.1 162.2  65.3 195.5  67627.4  8.7
N1550175531 2007-045T19:45:35 299.2 162.2  65.3 195.5  67627.6  8.7
N1550175847 2007-045T19:50:51 299.3 162.2  65.4 195.5  67628.2  8.7
N1550176163 2007-045T19:56:07 299.2 162.2  65.4 195.5  67627.4  8.7
N1550176479 2007-045T20:01:23 299.3 162.2  65.5 195.5  67627.4  8.7
N1597747670 2008-231T10:09:13 317.4  65.3  30.2 213.5  67626.8  7.8
N1597747807 2008-231T10:11:30 293.1  67.7  27.9 213.5  67634.9  7.6
N1597747954 2008-231T10:13:57 269.1  70.1  25.5 213.5  67647.7  7.6
N1597748127 2008-231T10:16:50 245.1  71.9  23.7 213.5  67655.3  7.8
N1597748316 2008-231T10:19:59 221.1  72.9  23.0 213.5  67662.3  7.9
N1597748508 2008-231T10:23:11 196.9  72.8  23.9 213.5  67656.1  7.7
N1597748689 2008-231T10:26:12 172.5  71.7  25.7 213.5  67646.5  7.5
N1597748849 2008-231T10:28:52 147.7  69.9  28.1 213.5  67632.8  7.5
N1597748983 2008-231T10:31:06 122.3  67.6  30.3 213.5  67620.0  7.9
N1641835989 2010-010T16:49:26 325.2 160.2 111.3 229.2  67645.0  2.8
N1719550962 2012-180T04:10:26 144.0 144.8 107.8 256.3  67643.0  4.4
N1719551853 2012-180T04:25:16 145.4 145.3 107.6 256.3  67642.7  4.4
N1719551308 2012-180T04:16:12 145.0 145.0 107.7 256.3  67641.2  4.4
N1719551853 2012-180T04:25:16 145.4 145.3 107.6 256.3  67642.7  4.4
N1719552398 2012-180T04:34:21 145.7 145.6 107.6 256.3  67641.2  4.4
N1719552943 2012-180T04:43:26 145.9 145.8 107.5 256.3  67640.4  4.4
N1719553488 2012-180T04:52:31 146.2 146.1 107.5 256.3  67640.1  4.3
N1719554033 2012-180T05:01:36 146.5 146.4 107.4 256.3  67639.9  4.3
N1719554578 2012-180T05:10:41 146.8 146.6 107.3 256.3  67638.5  4.3
N1719555123 2012-180T05:19:46 147.1 146.9 107.3 256.3  67639.6  4.3
N1719555668 2012-180T05:28:51 147.4 147.2 107.2 256.3  67641.1  4.3
N1719556213 2012-180T05:37:56 147.7 147.5 107.1 256.3  67640.9  4.2
N1719556758 2012-180T05:47:01 148.0 147.7 107.1 256.3  67641.5  4.2
N1719557303 2012-180T05:56:06 148.3 148.0 107.0 256.3  67641.0  4.2
N1719557848 2012-180T06:05:11 148.6 148.3 106.9 256.3  67642.9  4.2
N1719558393 2012-180T06:14:16 148.9 148.6 106.9 256.3  67642.1  4.1
N1719558938 2012-180T06:23:21 149.2 148.9 106.8 256.3  67642.4  4.1
N1719559483 2012-180T06:32:26 149.5 149.2 106.7 256.3  67642.2  4.1
N1719560028 2012-180T06:41:31 149.8 149.5 106.6 256.3  67641.4  4.1
N1719560573 2012-180T06:50:36 150.2 149.8 106.6 256.3  67641.6  4.1
N1719561118 2012-180T06:59:41 150.5 150.1 106.5 256.3  67641.6  4.0
N1719561663 2012-180T07:08:46 150.8 150.4 106.4 256.3  67642.2  4.0
N1719562208 2012-180T07:17:51 151.2 150.8 106.3 256.3  67642.4  4.0
N1719562753 2012-180T07:26:56 151.5 151.1 106.2 256.3  67641.9  4.0
N1719563298 2012-180T07:36:01 151.9 151.4 106.1 256.3  67642.2  3.9
N1719563843 2012-180T07:45:06 152.2 151.7 106.1 256.3  67643.2  3.9
N1719564388 2012-180T07:54:11 152.5 152.0 106.0 256.3  67642.7  3.9
N1719565362 2012-180T08:10:26 144.5 152.6 106.1 256.3  67642.9  3.7
N1721658014 2012-204T13:27:45 359.9 169.3  99.6 257.1  67640.9  2.6
N1729211907 2012-291T23:45:09 198.9 140.6  78.7 259.8  67616.8  3.2
N1729214667 2012-292T00:31:09 201.4 137.7  76.8 259.8  67616.0  3.1
N1729214917 2012-292T00:35:19 201.6 137.4  76.6 259.8  67615.2  3.1
N1729215167 2012-292T00:39:29 201.8 137.1  76.5 259.8  67614.9  3.1
N1729215417 2012-292T00:43:39 202.0 136.8  76.3 259.8  67615.6  3.1
N1729215667 2012-292T00:47:49 202.2 136.6  76.1 259.8  67615.9  3.1
N1729215917 2012-292T00:51:59 202.5 136.3  75.9 259.8  67613.9  3.1
N1729216167 2012-292T00:56:09 202.7 136.0  75.8 259.8  67615.6  3.1
N1729216417 2012-292T01:00:19 202.9 135.7  75.6 259.8  67614.2  3.1
N1729216667 2012-292T01:04:29 203.2 135.4  75.4 259.8  67614.4  3.1
N1729216917 2012-292T01:08:39 203.4 135.2  75.2 259.8  67615.0  3.1
N1729217167 2012-292T01:12:49 203.5 134.9  75.1 259.8  67615.0  3.1
N1729217417 2012-292T01:16:59 203.6 134.6  74.9 259.8  67616.2  3.1
N1729217787 2012-292T01:23:09 204.0 134.2  74.6 259.8  67616.2  3.1
N1729223727 2012-292T03:02:09 209.9 127.2  70.3 259.8  67614.6  3.0
