N1493557225 2005-120T12:33:19  55.5  33.4 109.5 171.8  67609.6  8.9
N1493559711 2005-120T13:14:45 220.5  38.5 109.5 171.8  67657.9  8.9
N1496894416 2005-159T03:32:49 286.5  20.8 106.2 173.3  67651.0  2.1
N1504582863 2005-248T03:12:47 253.2  12.1 105.8 176.6  67612.9  2.4
N1504584256 2005-248T03:36:01  97.2  10.6 105.7 176.6  67649.9  2.4
N1541986518 2006-316T01:03:01  77.7 150.6  47.1 192.2  67647.1  8.6
N1541986794 2006-316T01:07:37  70.6 150.4  46.9 192.2  67649.2  8.8
N1544384451 2006-343T19:08:16 291.5 161.7  69.6 193.2  67647.4 10.4
N1544384801 2006-343T19:14:06 312.2 161.6  69.4 193.2  67650.4 10.3
N1547138243 2007-010T16:04:35 296.0 162.2  61.4 194.3  67611.6 10.3
N1547138633 2007-010T16:11:05 296.0 162.2  61.4 194.3  67611.1 10.3
N1547139023 2007-010T16:17:35 296.0 162.3  61.5 194.3  67609.9 10.3
N1547139413 2007-010T16:24:05 296.0 162.3  61.5 194.3  67610.0 10.3
N1547139803 2007-010T16:30:35 296.0 162.3  61.5 194.3  67612.1 10.3
N1547140193 2007-010T16:37:05 296.0 162.3  61.6 194.3  67613.1 10.3
N1547140583 2007-010T16:43:35 296.0 162.3  61.6 194.3  67611.8 10.3
N1547140973 2007-010T16:50:05 296.0 162.3  61.6 194.3  67611.8 10.3
N1547141363 2007-010T16:56:35 296.0 162.3  61.7 194.3  67612.6 10.3
N1547141753 2007-010T17:03:05 296.0 162.3  61.7 194.3  67613.5 10.3
N1547142533 2007-010T17:16:05 296.0 162.3  61.8 194.3  67612.7 10.3
N1547142923 2007-010T17:22:35 296.0 162.3  61.8 194.3  67611.2 10.3
N1547143313 2007-010T17:29:05 296.0 162.4  61.8 194.3  67609.9 10.3
N1547143703 2007-010T17:35:35 296.0 162.4  61.9 194.3  67612.9 10.3
N1547144093 2007-010T17:42:05 296.0 162.4  61.9 194.3  67612.9 10.3
N1547144483 2007-010T17:48:35 296.0 162.4  61.9 194.3  67612.0 10.3
N1547144873 2007-010T17:55:05 296.0 162.4  62.0 194.3  67611.1 10.3
N1547145263 2007-010T18:01:35 296.0 162.4  62.0 194.3  67611.5 10.3
N1547145653 2007-010T18:08:05 296.0 162.4  62.0 194.3  67610.4 10.3
N1547146043 2007-010T18:14:35 296.0 162.4  62.1 194.3  67611.2 10.3
N1547146433 2007-010T18:21:05 296.0 162.4  62.1 194.3  67611.7 10.2
N1547146823 2007-010T18:27:35 296.0 162.4  62.1 194.3  67610.5 10.2
N1547147213 2007-010T18:34:05 296.0 162.4  62.2 194.3  67611.7 10.2
N1547147603 2007-010T18:40:35 296.0 162.4  62.2 194.3  67611.3 10.2
N1547147993 2007-010T18:47:05 296.0 162.4  62.2 194.3  67610.0 10.2
N1547148383 2007-010T18:53:35 296.0 162.5  62.3 194.3  67611.0 10.2
N1547148773 2007-010T19:00:05 296.0 162.5  62.3 194.3  67610.4 10.2
N1547149163 2007-010T19:06:35 296.0 162.5  62.4 194.3  67612.4 10.2
N1547149553 2007-010T19:13:05 296.0 162.5  62.4 194.3  67611.6 10.2
N1547149943 2007-010T19:19:35 296.0 162.5  62.4 194.3  67612.6 10.2
N1547150333 2007-010T19:26:05 296.0 162.5  62.5 194.3  67613.2 10.2
N1547150723 2007-010T19:32:35 296.0 162.5  62.5 194.3  67612.1 10.2
N1547151113 2007-010T19:39:05 296.0 162.5  62.5 194.3  67613.6 10.2
N1547151503 2007-010T19:45:35 296.0 162.5  62.6 194.3  67612.9 10.2
N1547151893 2007-010T19:52:05 296.0 162.5  62.6 194.3  67612.6 10.2
N1547152283 2007-010T19:58:35 296.0 162.5  62.6 194.3  67612.7 10.2
N1547152673 2007-010T20:05:05 296.0 162.5  62.7 194.3  67613.7 10.2
N1547153063 2007-010T20:11:35 296.0 162.5  62.7 194.3  67611.6 10.2
N1547153453 2007-010T20:18:05 296.0 162.5  62.7 194.3  67615.1 10.2
N1547153843 2007-010T20:24:35 296.0 162.5  62.8 194.3  67612.1 10.2
N1547154233 2007-010T20:31:05 296.0 162.5  62.8 194.3  67612.1 10.2
N1547154623 2007-010T20:37:35 296.0 162.6  62.8 194.3  67613.0 10.2
N1547155013 2007-010T20:44:05 296.0 162.6  62.9 194.3  67612.8 10.2
N1547155403 2007-010T20:50:35 296.0 162.6  62.9 194.3  67613.8 10.2
N1547155793 2007-010T20:57:05 296.0 162.6  62.9 194.3  67613.6 10.2
N1547156183 2007-010T21:03:35 296.0 162.6  63.0 194.3  67613.3 10.2
N1547156573 2007-010T21:10:05 296.0 162.6  63.0 194.3  67614.2 10.2
N1547156963 2007-010T21:16:35 296.0 162.6  63.1 194.3  67613.4 10.2
N1547157353 2007-010T21:23:05 296.0 162.6  63.1 194.3  67613.4 10.2
N1547157743 2007-010T21:29:35 296.0 162.6  63.1 194.3  67613.9 10.2
N1547158133 2007-010T21:36:05 296.0 162.6  63.2 194.3  67613.9 10.2
N1547160083 2007-010T22:08:35 296.0 162.6  63.3 194.3  67614.0 10.1
N1547160473 2007-010T22:15:05 296.0 162.6  63.4 194.3  67613.0 10.1
N1547160863 2007-010T22:21:35 296.0 162.6  63.4 194.3  67614.6 10.1
N1547161253 2007-010T22:28:05 296.0 162.6  63.4 194.3  67611.6 10.1
N1547161643 2007-010T22:34:35 296.0 162.6  63.5 194.3  67614.5 10.1
N1547162033 2007-010T22:41:05 296.0 162.6  63.5 194.3  67612.7 10.1
N1547162423 2007-010T22:47:35 296.0 162.6  63.6 194.3  67613.7 10.1
N1547162813 2007-010T22:54:05 296.0 162.6  63.6 194.3  67612.6 10.1
N1547163203 2007-010T23:00:35 296.0 162.7  63.6 194.3  67614.2 10.1
N1547163593 2007-010T23:07:05 296.0 162.7  63.7 194.3  67613.3 10.1
N1547163983 2007-010T23:13:35 296.0 162.7  63.7 194.3  67614.4 10.1
N1547164373 2007-010T23:20:05 296.0 162.7  63.7 194.3  67613.8 10.1
N1547164763 2007-010T23:26:35 296.0 162.7  63.8 194.3  67613.0 10.1
N1547165153 2007-010T23:33:05 296.0 162.7  63.8 194.3  67613.3 10.1
N1547165543 2007-010T23:39:35 296.0 162.7  63.8 194.3  67613.7 10.1
N1547165933 2007-010T23:46:05 296.0 162.7  63.9 194.3  67613.1 10.1
N1547166323 2007-010T23:52:35 296.0 162.7  63.9 194.3  67614.2 10.1
N1547166713 2007-010T23:59:05 296.0 162.7  64.0 194.3  67613.0 10.1
N1547167103 2007-011T00:05:35 296.0 162.7  64.0 194.3  67615.4 10.1
N1547167493 2007-011T00:12:05 296.0 162.7  64.0 194.3  67613.5 10.1
N1547167883 2007-011T00:18:35 296.0 162.7  64.1 194.3  67614.6 10.1
N1547168273 2007-011T00:25:05 296.0 162.7  64.1 194.3  67614.3 10.1
N1549740228 2007-040T18:50:42  82.0 112.7  32.5 195.3  67617.5 11.3
N1551438946 2007-060T10:42:29  82.8 117.7  32.7 196.0  67609.2 10.4
N1552930916 2007-077T17:08:29  83.3 114.8  35.2 196.6  67627.2 10.8
N1552931147 2007-077T17:12:20  79.1 114.6  35.1 196.6  67624.7 10.5
N1575636127 2007-340T12:06:15 297.8  14.6  84.9 205.3  67612.0 10.1
N1619794259 2009-120T14:09:53 285.2  74.7  26.4 221.4  67646.5  9.1
N1627206524 2009-206T09:06:45 293.8 159.5  96.7 224.0  67648.9  5.6
N1627206584 2009-206T09:07:46 293.7 159.5  96.7 224.0  67648.8  5.6
N1627207176 2009-206T09:17:36 294.0 159.9  96.8 224.0  67648.9  5.6
N1627207229 2009-206T09:18:30 294.0 159.9  96.8 224.0  67648.6  5.6
N1627207289 2009-206T09:19:31 294.0 159.9  96.8 224.0  67648.3  5.6
N1627207349 2009-206T09:20:31 294.0 159.9  96.9 224.0  67648.6  5.6
N1627207409 2009-206T09:21:31 294.0 159.9  96.9 224.0  67648.8  5.6
N1628920479 2009-226T05:12:20 228.1  97.0  73.3 224.6  67614.0  9.3
N1628920531 2009-226T05:13:15 228.2  97.0  73.3 224.6  67612.6  9.3
N1628920591 2009-226T05:14:17 228.2  97.0  73.3 224.6  67611.7  9.3
N1628920643 2009-226T05:15:11 228.2  97.0  73.3 224.6  67611.9  9.3
N1628920703 2009-226T05:16:12 228.2  97.0  73.3 224.6  67612.5  9.3
N1628920756 2009-226T05:17:05 228.2  97.0  73.3 224.6  67613.0  9.3
N1628920816 2009-226T05:18:06 228.3  97.0  73.3 224.6  67612.4  9.3
N1628920876 2009-226T05:19:06 228.3  97.1  73.3 224.6  67612.1  9.3
N1628920936 2009-226T05:20:06 228.3  97.1  73.3 224.6  67615.0  9.3
N1628921881 2009-226T05:35:50 228.7  97.4  73.3 224.6  67611.9  9.4
N1628942889 2009-226T11:25:50 229.8  98.7  73.7 224.7  67611.2  9.8
N1628942941 2009-226T11:26:45 229.8  98.7  73.7 224.7  67611.6  9.8
N1628943001 2009-226T11:27:47 229.7  98.7  73.7 224.7  67612.1  9.8
N1628943053 2009-226T11:28:41 229.8  98.7  73.7 224.7  67610.7  9.8
N1628943113 2009-226T11:29:42 229.8  98.7  73.7 224.7  67611.1  9.8
N1628943166 2009-226T11:30:35 229.8  98.7  73.7 224.7  67610.6  9.8
N1628943226 2009-226T11:31:35 229.8  98.7  73.7 224.7  67612.1  9.8
N1628943286 2009-226T11:32:35 229.8  98.7  73.7 224.7  67611.2  9.8
N1628943346 2009-226T11:33:36 229.8  98.7  73.7 224.7  67608.1  9.8
N1628993140 2009-227T01:23:20 232.8 101.9  74.6 224.7  67609.5 10.7
N1628993192 2009-227T01:24:16 232.5 101.9  74.6 224.7  67605.5 10.7
N1628993252 2009-227T01:25:19 232.3 101.9  74.6 224.7  67604.9 10.7
N1628993304 2009-227T01:26:12 232.2 101.9  74.6 224.7  67605.4 10.7
N1628993357 2009-227T01:27:06 232.2 101.9  74.6 224.7  67606.2 10.7
N1628993417 2009-227T01:28:06 232.2 101.9  74.6 224.7  67605.9 10.7
N1628993477 2009-227T01:29:06 232.1 101.9  74.6 224.7  67606.1 10.7
N1628993537 2009-227T01:30:06 232.1 101.9  74.6 224.7  67605.5 10.7
N1628993597 2009-227T01:31:06 232.1 101.9  74.6 224.7  67606.4 10.7
N1629005410 2009-227T04:47:50 232.1 102.6  74.8 224.7  67605.8 10.9
N1629005462 2009-227T04:48:46 232.1 102.6  74.8 224.7  67607.0 11.0
N1629005514 2009-227T04:49:41 232.1 102.6  74.8 224.7  67607.2 11.0
N1629005574 2009-227T04:50:42 232.0 102.6  74.8 224.7  67608.0 11.0
N1629005627 2009-227T04:51:36 232.0 102.6  74.8 224.7  67606.5 11.0
N1629005687 2009-227T04:52:36 231.9 102.6  74.8 224.7  67608.5 11.0
N1629005747 2009-227T04:53:36 231.9 102.6  74.8 224.7  67606.8 11.0
N1629005807 2009-227T04:54:36 232.0 102.6  74.8 224.7  67605.7 11.0
N1629005867 2009-227T04:55:36 232.0 102.6  74.8 224.7  67605.0 11.0
N1629139233 2009-228T17:58:16 239.7 109.2  76.7 224.7  67602.5 12.6
N1629139293 2009-228T17:59:18 239.5 109.2  76.7 224.7  67603.7 12.6
N1629139345 2009-228T18:00:11 242.5 109.2  76.7 224.7  67603.4 12.6
N1629139405 2009-228T18:01:12 242.5 109.2  76.7 224.7  67603.3 12.6
N1629139458 2009-228T18:02:05 242.5 109.2  76.7 224.7  67602.3 12.6
N1629139518 2009-228T18:03:06 242.5 109.2  76.7 224.7  67604.7 12.6
N1629139578 2009-228T18:04:06 242.5 109.2  76.7 224.7  67605.1 12.6
N1629139638 2009-228T18:05:06 242.5 109.2  76.7 224.7  67603.7 12.6
N1629139698 2009-228T18:06:06 242.5 109.2  76.7 224.7  67605.2 12.6
N1629151495 2009-228T21:22:42 242.5 109.7  76.8 224.7  67601.5 12.7
N1629151548 2009-228T21:23:35 242.5 109.7  76.8 224.7  67601.7 12.7
N1629151608 2009-228T21:24:36 242.5 109.7  76.8 224.7  67603.1 12.7
N1629151668 2009-228T21:25:36 242.5 109.7  76.8 224.7  67603.0 12.7
N1629151728 2009-228T21:26:36 242.5 109.7  76.8 224.7  67600.9 12.7
N1629151788 2009-228T21:27:36 242.5 109.7  76.8 224.7  67603.5 12.7
N1629151848 2009-228T21:28:36 242.5 109.7  76.8 224.7  67602.2 12.7
N1629151908 2009-228T21:29:36 242.5 109.7  76.8 224.7  67602.2 12.7
N1629151968 2009-228T21:30:36 242.5 109.7  76.8 224.7  67602.4 12.7
N1629423594 2009-232T00:57:39 255.0 120.3  80.1 224.8  67641.2 13.7
N1629423650 2009-232T00:58:36 255.0 120.3  80.1 224.8  67643.0 13.7
N1629423710 2009-232T00:59:36 255.0 120.3  80.1 224.8  67644.2 13.7
N1629423770 2009-232T01:00:36 255.0 120.3  80.1 224.8  67642.0 13.7
N1629423830 2009-232T01:01:36 255.0 120.3  80.1 224.8  67640.3 13.6
N1629423890 2009-232T01:02:36 255.0 120.3  80.1 224.8  67640.0 13.6
N1629442347 2009-232T06:10:12 255.0 121.0  80.4 224.8  67646.5 13.6
N1629442400 2009-232T06:11:05 255.0 121.0  80.4 224.8  67647.6 13.6
N1629442460 2009-232T06:12:05 255.0 121.0  80.4 224.8  67645.7 13.6
N1629442520 2009-232T06:13:06 255.0 121.0  80.4 224.8  67646.8 13.6
N1629442580 2009-232T06:14:06 255.0 121.0  80.4 224.8  67644.9 13.6
N1629442640 2009-232T06:15:06 255.0 121.0  80.4 224.8  67645.7 13.6
N1629509454 2009-233T00:48:39 260.0 123.7  81.2 224.9  67647.7 13.3
N1629509510 2009-233T00:49:35 260.0 123.7  81.2 224.9  67647.4 13.3
N1629509570 2009-233T00:50:35 260.0 123.7  81.2 224.9  67649.0 13.3
N1629509630 2009-233T00:51:36 260.0 123.7  81.2 224.9  67646.0 13.3
N1629527120 2009-233T05:43:05 260.0 124.4  81.5 224.9  67646.4 13.2
N1629527180 2009-233T05:44:05 260.0 124.4  81.5 224.9  67648.2 13.2
N1629527240 2009-233T05:45:05 260.0 124.4  81.5 224.9  67649.0 13.2
N1629527300 2009-233T05:46:05 260.0 124.4  81.5 224.9  67647.8 13.2
N1629528200 2009-233T06:01:05 260.0 124.4  81.5 224.9  67645.0 13.2
N1629528260 2009-233T06:02:05 260.0 124.4  81.5 224.9  67647.8 13.2
N1629528320 2009-233T06:03:05 260.0 124.4  81.5 224.9  67647.4 13.2
N1629528380 2009-233T06:04:05 260.0 124.4  81.5 224.9  67646.6 13.2
N1629545870 2009-233T10:55:35 260.0 125.2  81.7 224.9  67647.5 13.1
N1629545930 2009-233T10:56:35 260.0 125.2  81.7 224.9  67649.8 13.1
N1629545990 2009-233T10:57:35 260.0 125.2  81.7 224.9  67647.8 13.1
N1629546050 2009-233T10:58:35 260.0 125.2  81.7 224.9  67649.1 13.1
N1629546950 2009-233T11:13:35 260.0 125.2  81.7 224.9  67649.6 13.1
N1629547010 2009-233T11:14:35 260.0 125.2  81.7 224.9  67646.6 13.1
N1629547070 2009-233T11:15:35 260.0 125.2  81.7 224.9  67650.2 13.1
N1629547130 2009-233T11:16:35 260.0 125.2  81.7 224.9  67648.5 13.1
N1630301204 2009-242T04:44:24 210.7  73.2  78.1 225.1  67646.3  9.5
N1632477236 2009-267T09:11:21 215.0  80.1  78.8 225.9  67623.7 11.8
N1719549271 2012-180T03:42:15 322.2 154.9 108.4 256.3  67594.2  4.3
N1728999806 2012-289T12:50:09 312.5 141.5 125.8 259.7  67629.9  8.7
N1729000625 2012-289T13:03:48 312.4 141.6 125.7 259.7  67631.2  8.7
N1729001444 2012-289T13:17:27 312.5 141.7 125.7 259.7  67629.7  8.7
N1729002263 2012-289T13:31:06 312.7 141.9 125.7 259.7  67630.6  8.7
N1729003082 2012-289T13:44:45 312.9 142.0 125.6 259.7  67632.1  8.7
N1729003901 2012-289T13:58:24 313.0 142.1 125.6 259.7  67632.4  8.6
N1729004720 2012-289T14:12:03 313.1 142.2 125.6 259.7  67631.2  8.6
N1729005539 2012-289T14:25:42 313.3 142.4 125.5 259.7  67630.9  8.6
N1729006358 2012-289T14:39:21 313.5 142.5 125.5 259.7  67630.7  8.6
N1729007177 2012-289T14:53:00 313.7 142.6 125.4 259.7  67629.8  8.6
N1729007996 2012-289T15:06:39 313.9 142.8 125.4 259.7  67632.0  8.6
N1729008815 2012-289T15:20:18 314.1 142.9 125.4 259.7  67631.3  8.5
N1729009634 2012-289T15:33:57 314.2 143.0 125.3 259.7  67630.6  8.5
N1729010453 2012-289T15:47:36 314.4 143.2 125.3 259.7  67630.6  8.5
N1729011272 2012-289T16:01:15 314.5 143.3 125.3 259.7  67629.4  8.5
N1729012091 2012-289T16:14:54 314.7 143.4 125.2 259.7  67628.2  8.5
N1729012910 2012-289T16:28:33 314.8 143.6 125.2 259.7  67630.2  8.4
N1729013729 2012-289T16:42:12 314.9 143.7 125.1 259.7  67630.5  8.4
N1729014548 2012-289T16:55:51 315.1 143.8 125.1 259.7  67630.5  8.4
N1729015367 2012-289T17:09:30 315.4 144.0 125.0 259.7  67630.0  8.4
N1729016186 2012-289T17:23:09 315.5 144.1 125.0 259.7  67629.7  8.4
N1729017005 2012-289T17:36:48 315.7 144.2 125.0 259.7  67629.2  8.3
N1729017824 2012-289T17:50:27 315.8 144.4 124.9 259.7  67629.0  8.3
N1729018643 2012-289T18:04:06 316.0 144.5 124.9 259.7  67628.7  8.3
N1729019462 2012-289T18:17:45 316.2 144.7 124.8 259.7  67629.9  8.3
N1729020281 2012-289T18:31:24 316.4 144.8 124.8 259.7  67629.1  8.3
N1729021100 2012-289T18:45:03 316.5 144.9 124.7 259.7  67630.5  8.3
N1729021919 2012-289T18:58:42 316.7 145.1 124.7 259.7  67630.2  8.2
N1729022738 2012-289T19:12:21 316.9 145.2 124.7 259.7  67629.0  8.2
N1729023557 2012-289T19:26:00 317.0 145.4 124.6 259.7  67629.9  8.2
N1735244945 2012-361T19:35:09 202.5  40.3 100.5 261.9  67632.3  8.5
N1735245709 2012-361T19:47:53 202.5  40.4 100.5 261.9  67634.0  8.5
N1735246473 2012-361T20:00:37 202.5  40.5 100.6 261.9  67632.8  8.5
N1735247237 2012-361T20:13:21 202.5  40.7 100.7 261.9  67632.9  8.5
N1735248001 2012-361T20:26:05 202.5  40.8 100.8 261.9  67632.4  8.5
N1735248765 2012-361T20:38:49 202.5  40.9 100.9 261.9  67635.0  8.6
N1735249529 2012-361T20:51:33 202.5  41.0 101.0 261.9  67635.0  8.6
N1735250293 2012-361T21:04:17 202.5  41.1 101.1 261.9  67633.0  8.6
N1735251057 2012-361T21:17:01 202.5  41.2 101.2 261.9  67633.0  8.6
N1735251821 2012-361T21:29:45 202.5  41.3 101.3 261.9  67632.9  8.6
N1735252585 2012-361T21:42:29 202.5  41.4 101.3 261.9  67633.5  8.6
N1735253349 2012-361T21:55:13 202.5  41.5 101.4 261.9  67632.8  8.6
N1735254113 2012-361T22:07:57 202.5  41.6 101.5 261.9  67632.5  8.6
N1735254877 2012-361T22:20:41 202.5  41.7 101.6 261.9  67631.8  8.6
N1735255641 2012-361T22:33:25 202.5  41.8 101.7 261.9  67632.4  8.6
N1735256405 2012-361T22:46:09 202.5  41.9 101.8 261.9  67631.3  8.7
N1735257169 2012-361T22:58:53 202.5  42.0 101.9 261.9  67629.8  8.7
N1735257933 2012-361T23:11:37 202.5  42.2 101.9 261.9  67632.6  8.7
N1735258697 2012-361T23:24:21 202.5  42.3 102.0 261.9  67632.3  8.7
N1735259461 2012-361T23:37:05 202.5  42.4 102.1 261.9  67631.6  8.7
N1735260225 2012-361T23:49:49 202.5  42.5 102.2 261.9  67630.2  8.7
N1735260989 2012-362T00:02:33 202.5  42.6 102.3 261.9  67632.1  8.7
N1735261753 2012-362T00:15:17 202.5  42.7 102.4 261.9  67629.9  8.7
N1735262517 2012-362T00:28:01 202.5  42.8 102.5 261.9  67630.4  8.7
N1735263281 2012-362T00:40:45 202.5  42.9 102.5 261.9  67630.6  8.7
N1735264045 2012-362T00:53:29 202.5  43.0 102.6 261.9  67631.0  8.7
N1738711767 2013-035T22:35:09 203.5  42.5 102.8 263.2  67598.5  8.8
N1738712218 2013-035T22:42:40 203.7  42.6 102.9 263.2  67598.8  8.8
N1738712669 2013-035T22:50:11 203.6  42.6 102.9 263.2  67598.5  8.8
N1738713120 2013-035T22:57:42 203.6  42.7 102.9 263.2  67598.9  8.8
N1738713571 2013-035T23:05:13 203.7  42.8 103.0 263.2  67598.9  8.8
N1738714022 2013-035T23:12:44 203.7  42.8 103.0 263.2  67598.9  8.8
N1738714473 2013-035T23:20:15 204.0  42.9 103.1 263.2  67599.1  8.8
N1738714924 2013-035T23:27:46 203.8  42.9 103.1 263.2  67599.2  8.8
N1738715375 2013-035T23:35:17 203.9  43.0 103.2 263.2  67599.7  8.8
N1738715826 2013-035T23:42:48 204.0  43.1 103.2 263.2  67600.1  8.8
N1738716277 2013-035T23:50:19 204.0  43.1 103.3 263.2  67599.6  8.8
N1738716728 2013-035T23:57:50 204.0  43.2 103.3 263.2  67598.3  8.8
N1738717179 2013-036T00:05:21 204.2  43.2 103.4 263.2  67597.5  8.8
N1738717630 2013-036T00:12:52 204.0  43.3 103.4 263.2  67597.1  8.9
N1738718081 2013-036T00:20:23 204.2  43.4 103.5 263.2  67598.5  8.9
N1738718532 2013-036T00:27:54 204.0  43.4 103.5 263.2  67599.1  8.9
N1738718983 2013-036T00:35:25 204.1  43.5 103.6 263.2  67598.2  8.9
N1738719434 2013-036T00:42:56 204.2  43.5 103.6 263.2  67596.6  8.9
N1738719885 2013-036T00:50:27 204.3  43.6 103.7 263.2  67596.4  8.9
N1738720336 2013-036T00:57:58 204.3  43.7 103.7 263.2  67595.9  8.9
N1738720787 2013-036T01:05:29 204.4  43.7 103.8 263.2  67596.1  8.9
N1738721238 2013-036T01:13:00 204.2  43.8 103.8 263.2  67596.7  8.9
N1738721689 2013-036T01:20:31 204.5  43.8 103.9 263.2  67595.5  8.9
N1738722140 2013-036T01:28:02 204.4  43.9 103.9 263.2  67596.7  8.9
N1738722591 2013-036T01:35:33 204.5  44.0 104.0 263.2  67594.6  8.9
N1738723042 2013-036T01:43:04 204.5  44.0 104.0 263.2  67596.2  8.9
N1738723493 2013-036T01:50:35 204.4  44.1 104.1 263.2  67595.4  8.9
N1738723944 2013-036T01:58:06 204.6  44.1 104.1 263.2  67595.8  8.9
N1738724395 2013-036T02:05:37 204.8  44.2 104.2 263.2  67596.0  8.9
N1738724846 2013-036T02:13:08 204.7  44.3 104.2 263.2  67595.8  8.9
N1738725297 2013-036T02:20:39 204.8  44.3 104.2 263.2  67596.6  8.9
N1738725748 2013-036T02:28:10 204.8  44.4 104.3 263.2  67597.1  9.0
N1738726199 2013-036T02:35:41 204.9  44.4 104.3 263.2  67596.2  9.0
N1738726650 2013-036T02:43:12 204.9  44.5 104.4 263.2  67594.4  9.0
N1738727101 2013-036T02:50:43 204.9  44.5 104.4 263.2  67595.6  9.0
N1738727552 2013-036T02:58:14 204.8  44.6 104.5 263.2  67595.3  9.0
N1738728003 2013-036T03:05:45 205.1  44.7 104.5 263.2  67594.6  9.0
N1738728454 2013-036T03:13:16 205.0  44.7 104.6 263.2  67596.8  9.0
N1738728905 2013-036T03:20:47 205.2  44.8 104.6 263.2  67597.9  9.0
N1738729356 2013-036T03:28:18 205.0  44.8 104.7 263.2  67596.1  9.0
N1738729807 2013-036T03:35:49 204.9  44.9 104.7 263.2  67596.0  9.0
N1738730258 2013-036T03:43:20 205.2  45.0 104.8 263.2  67596.5  9.0
N1738730709 2013-036T03:50:51 205.1  45.0 104.8 263.2  67596.9  9.0
N1738731160 2013-036T03:58:22 205.3  45.1 104.9 263.2  67597.1  9.0
N1738731611 2013-036T04:05:53 205.2  45.1 104.9 263.2  67598.2  9.0
N1738732062 2013-036T04:13:24 205.2  45.2 104.9 263.2  67595.6  9.0
N1738732513 2013-036T04:20:55 205.2  45.2 105.0 263.2  67598.0  9.0
N1738732964 2013-036T04:28:26 205.4  45.3 105.0 263.2  67596.9  9.0
N1738733415 2013-036T04:35:57 205.4  45.4 105.1 263.2  67598.0  9.0
N1738733866 2013-036T04:43:28 205.4  45.4 105.1 263.2  67595.7  9.0
N1738734317 2013-036T04:50:59 205.5  45.5 105.2 263.2  67597.8  9.0
N1738734768 2013-036T04:58:30 205.5  45.5 105.2 263.2  67596.6  9.1
N1738735219 2013-036T05:06:01 205.5  45.6 105.3 263.2  67596.6  9.1
N1738735670 2013-036T05:13:32 205.6  45.7 105.3 263.2  67597.2  9.1
N1738736572 2013-036T05:28:34 205.7  45.8 105.4 263.2  67597.6  9.1
N1751154766 2013-179T22:57:09 192.7  30.2  95.2 267.7  67617.6  7.5
N1751155421 2013-179T23:08:04 192.7  30.4  95.3 267.7  67619.8  7.5
N1751156076 2013-179T23:18:59 192.7  30.5  95.5 267.7  67617.2  7.5
N1751156731 2013-179T23:29:54 192.7  30.6  95.6 267.7  67621.3  7.6
N1751157386 2013-179T23:40:49 192.7  30.8  95.7 267.7  67617.9  7.6
N1751158041 2013-179T23:51:44 192.7  30.9  95.8 267.7  67616.9  7.6
N1751158696 2013-180T00:02:39 192.7  31.0  95.9 267.7  67618.5  7.6
N1751159351 2013-180T00:13:34 192.7  31.2  96.0 267.7  67619.2  7.6
N1751160006 2013-180T00:24:29 192.7  31.3  96.2 267.7  67619.4  7.6
N1751160661 2013-180T00:35:24 192.7  31.4  96.3 267.7  67619.6  7.6
N1761014449 2013-294T01:44:09 316.0 138.4 132.9 271.3  67593.4 13.9
N1761015293 2013-294T01:58:13 316.0 138.4 132.8 271.3  67592.9 13.9
N1761016137 2013-294T02:12:17 316.0 138.5 132.8 271.3  67592.7 13.9
N1761016981 2013-294T02:26:21 316.0 138.6 132.8 271.3  67595.0 13.9
N1761017825 2013-294T02:40:25 316.0 138.7 132.7 271.3  67590.1 13.9
N1761018669 2013-294T02:54:29 316.0 138.7 132.7 271.3  67592.4 13.9
N1761019513 2013-294T03:08:33 316.0 138.8 132.7 271.3  67593.2 13.9
N1761020357 2013-294T03:22:37 316.0 138.9 132.6 271.3  67594.3 13.9
N1761021201 2013-294T03:36:41 316.0 138.9 132.6 271.3  67593.8 14.0
N1761022045 2013-294T03:50:45 316.0 139.0 132.6 271.3  67596.5 14.0
N1761022889 2013-294T04:04:49 316.0 139.1 132.5 271.3  67595.0 14.0
N1761023733 2013-294T04:18:53 316.0 139.2 132.5 271.3  67595.5 14.0
N1761024577 2013-294T04:32:57 316.0 139.2 132.5 271.3  67596.3 14.0
N1761025421 2013-294T04:47:01 316.0 139.3 132.4 271.3  67598.6 14.0
N1761026265 2013-294T05:01:05 316.0 139.4 132.4 271.3  67593.6 14.0
N1761027109 2013-294T05:15:09 316.0 139.4 132.3 271.3  67594.0 14.0
N1761027953 2013-294T05:29:13 316.0 139.5 132.3 271.3  67596.7 14.0
N1761028797 2013-294T05:43:17 316.0 139.6 132.3 271.3  67596.0 14.1
N1761029641 2013-294T05:57:21 316.0 139.7 132.2 271.3  67595.7 14.1
N1761030485 2013-294T06:11:25 316.0 139.7 132.2 271.3  67598.1 14.1
N1761031329 2013-294T06:25:29 316.0 139.8 132.2 271.3  67596.6 14.1
N1761032173 2013-294T06:39:33 316.0 139.9 132.1 271.3  67594.6 14.1
N1761033017 2013-294T06:53:37 316.0 139.9 132.1 271.3  67593.8 14.1
N1761033861 2013-294T07:07:41 316.0 140.0 132.1 271.3  67592.7 14.1
N1761034705 2013-294T07:21:45 316.0 140.1 132.0 271.3  67594.1 14.1
N1761035549 2013-294T07:35:49 316.0 140.1 132.0 271.3  67596.3 14.1
N1761035929 2013-294T07:42:09 166.0 137.2 131.5 271.3  67645.2 14.9
N1761036773 2013-294T07:56:13 166.0 137.2 131.5 271.3  67645.7 14.9
N1761037617 2013-294T08:10:17 166.0 137.3 131.5 271.3  67647.2 15.0
N1761038461 2013-294T08:24:21 166.0 137.4 131.4 271.3  67648.0 15.0
N1761039305 2013-294T08:38:25 166.0 137.5 131.4 271.3  67646.9 15.0
N1761040149 2013-294T08:52:29 166.0 137.5 131.3 271.3  67645.3 15.0
N1761040993 2013-294T09:06:33 166.0 137.6 131.3 271.3  67645.0 15.0
N1761041837 2013-294T09:20:37 166.0 137.7 131.3 271.3  67644.9 15.0
N1761042681 2013-294T09:34:41 166.0 137.7 131.2 271.3  67643.6 15.0
N1761043525 2013-294T09:48:45 166.0 137.8 131.2 271.3  67644.3 15.0
N1761044369 2013-294T10:02:49 166.0 137.9 131.2 271.3  67645.4 15.1
N1761045213 2013-294T10:16:53 166.0 138.0 131.1 271.3  67643.7 15.1
N1761046057 2013-294T10:30:57 166.0 138.0 131.1 271.3  67645.2 15.1
N1761046901 2013-294T10:45:01 166.0 138.1 131.1 271.3  67644.8 15.1
N1761047745 2013-294T10:59:05 166.0 138.2 131.0 271.3  67644.6 15.1
N1761048589 2013-294T11:13:09 166.0 138.2 131.0 271.3  67643.2 15.1
N1761049433 2013-294T11:27:13 166.0 138.3 131.0 271.3  67642.8 15.1
N1761050277 2013-294T11:41:17 166.0 138.4 130.9 271.3  67642.8 15.1
N1761051121 2013-294T11:55:21 166.0 138.5 130.9 271.3  67643.5 15.1
N1761051965 2013-294T12:09:25 166.0 138.5 130.9 271.3  67642.8 15.2
N1761052809 2013-294T12:23:29 166.0 138.6 130.8 271.3  67644.0 15.2
N1761053653 2013-294T12:37:33 166.0 138.7 130.8 271.3  67646.1 15.2
N1761054497 2013-294T12:51:37 166.0 138.7 130.7 271.3  67645.1 15.2
N1761055341 2013-294T13:05:41 166.0 138.8 130.7 271.3  67646.1 15.2
N1761056185 2013-294T13:19:45 166.0 138.9 130.7 271.3  67644.0 15.2
N1761057029 2013-294T13:33:49 166.0 139.0 130.6 271.3  67644.7 15.2
N1765071135 2013-341T00:35:10 158.0 145.2 127.6 272.7  67647.4 10.9
N1765071655 2013-341T00:43:50 158.0 145.3 127.6 272.7  67643.9 10.9
N1765072175 2013-341T00:52:30 158.0 145.4 127.5 272.7  67644.0 10.9
N1765072695 2013-341T01:01:10 158.0 145.4 127.5 272.7  67643.5 10.9
N1765073215 2013-341T01:09:50 158.0 145.5 127.4 272.7  67643.5 10.9
N1765073735 2013-341T01:18:30 158.0 145.6 127.4 272.7  67643.4 10.9
N1765074255 2013-341T01:27:10 158.0 145.7 127.3 272.7  67644.0 10.9
N1765074775 2013-341T01:35:50 158.0 145.7 127.3 272.7  67646.8 10.9
N1765075295 2013-341T01:44:30 158.0 145.8 127.3 272.7  67646.3 10.9
N1765075815 2013-341T01:53:10 158.0 145.9 127.2 272.7  67645.8 11.0
N1765076335 2013-341T02:01:50 158.0 145.9 127.2 272.7  67646.5 11.0
N1765076855 2013-341T02:10:30 158.0 146.0 127.1 272.7  67645.4 11.0
N1765077375 2013-341T02:19:10 158.0 146.1 127.1 272.7  67645.9 11.0
N1765077895 2013-341T02:27:50 158.0 146.2 127.0 272.7  67642.2 11.0
N1765078415 2013-341T02:36:30 158.0 146.2 127.0 272.7  67644.4 11.0
N1765078935 2013-341T02:45:10 158.0 146.3 127.0 272.7  67644.0 11.0
N1765079455 2013-341T02:53:50 158.0 146.4 126.9 272.7  67644.2 11.0
N1765079975 2013-341T03:02:30 158.0 146.4 126.9 272.7  67644.0 11.0
N1765080495 2013-341T03:11:10 158.0 146.5 126.8 272.7  67643.1 11.0
N1765081015 2013-341T03:19:50 158.0 146.6 126.8 272.7  67642.8 11.0
N1765081535 2013-341T03:28:30 158.0 146.6 126.7 272.7  67643.9 11.0
N1765082055 2013-341T03:37:10 158.0 146.7 126.7 272.7  67643.5 11.0
N1765082575 2013-341T03:45:50 158.0 146.8 126.6 272.7  67644.2 11.0
N1765083095 2013-341T03:54:30 158.0 146.8 126.6 272.8  67644.0 11.0
N1765083615 2013-341T04:03:10 158.0 146.9 126.6 272.8  67642.5 11.0
N1765084135 2013-341T04:11:50 158.0 147.0 126.5 272.8  67643.8 11.0
N1765084655 2013-341T04:20:30 158.0 147.1 126.5 272.8  67644.6 11.1
N1765085175 2013-341T04:29:10 158.0 147.1 126.4 272.8  67644.2 11.1
N1765085695 2013-341T04:37:50 158.0 147.2 126.4 272.8  67645.6 11.1
N1765086215 2013-341T04:46:30 158.0 147.3 126.3 272.8  67647.0 11.1
N1765086735 2013-341T04:55:10 158.0 147.3 126.3 272.8  67646.6 11.1
N1765087255 2013-341T05:03:50 158.0 147.4 126.2 272.8  67643.2 11.1
N1765087775 2013-341T05:12:30 158.0 147.5 126.2 272.8  67643.9 11.1
N1765088295 2013-341T05:21:10 158.0 147.5 126.2 272.8  67646.8 11.1
N1765088815 2013-341T05:29:50 158.0 147.6 126.1 272.8  67643.7 11.1
N1765089335 2013-341T05:38:30 158.0 147.7 126.1 272.8  67642.0 11.1
N1765089855 2013-341T05:47:10 158.0 147.7 126.0 272.8  67644.3 11.1
N1765090375 2013-341T05:55:50 158.0 147.8 126.0 272.8  67644.4 11.1
N1765090895 2013-341T06:04:30 158.0 147.9 125.9 272.8  67644.0 11.1
N1765091415 2013-341T06:13:10 158.0 147.9 125.9 272.8  67643.6 11.1
N1765091935 2013-341T06:21:50 158.0 148.0 125.8 272.8  67644.4 11.1
N1765092455 2013-341T06:30:30 158.0 148.1 125.8 272.8  67647.3 11.1
N1765092975 2013-341T06:39:10 158.0 148.1 125.8 272.8  67646.8 11.2
N1765093495 2013-341T06:47:50 158.0 148.2 125.7 272.8  67647.8 11.2
N1765094015 2013-341T06:56:30 158.0 148.3 125.7 272.8  67646.9 11.2
N1765094535 2013-341T07:05:10 158.0 148.3 125.6 272.8  67647.4 11.2
N1765095055 2013-341T07:13:50 158.0 148.4 125.6 272.8  67647.0 11.2
N1765095575 2013-341T07:22:30 158.0 148.5 125.5 272.8  67645.4 11.2
N1765096095 2013-341T07:31:10 158.0 148.5 125.5 272.8  67646.4 11.2
N1765096615 2013-341T07:39:50 158.0 148.6 125.4 272.8  67643.7 11.2
N1765097135 2013-341T07:48:30 158.0 148.7 125.4 272.8  67644.1 11.2
N1765097655 2013-341T07:57:10 158.0 148.7 125.4 272.8  67643.9 11.2
N1765098175 2013-341T08:05:50 158.0 148.8 125.3 272.8  67642.8 11.2
N1765098695 2013-341T08:14:30 158.0 148.9 125.3 272.8  67643.1 11.2
N1765099215 2013-341T08:23:10 158.0 148.9 125.2 272.8  67643.9 11.2
N1765099735 2013-341T08:31:50 158.0 149.0 125.2 272.8  67644.9 11.2
N1765100255 2013-341T08:40:30 158.0 149.1 125.1 272.8  67644.2 11.2
N1765100775 2013-341T08:49:10 158.0 149.1 125.1 272.8  67645.7 11.2
N1765101295 2013-341T08:57:50 158.0 149.2 125.0 272.8  67647.2 11.3
N1765101815 2013-341T09:06:30 158.0 149.3 125.0 272.8  67646.1 11.3
N1765102335 2013-341T09:15:10 158.0 149.3 125.0 272.8  67644.5 11.3
N1765102855 2013-341T09:23:50 158.0 149.4 124.9 272.8  67646.0 11.3
