Co-rotating                                 Phase-Corrected Normal Equivalent Width (m)
Longitude                Rev 037        Rev 039        Rev 168        Rev 173        Rev 198        Rev 201                  
(degrees)                AZDKMRHP       HIPHAMOVD      DRCLOSE        DRNGMOV        DRNGMOV        DRNGMOV 
===============================================================================================================      
        -180.00          24.56          28.94           0.00          36.84          30.05          39.24
        -179.00          25.97          28.83           0.00          36.67          25.43          40.16
        -178.00          24.73          28.99           0.00          38.33          24.48          40.59
        -177.00          26.12          29.03           0.00          33.47          28.03          40.67
        -176.00          26.29          29.25           0.00           0.00          25.91          41.14
        -175.00          23.21          28.89           0.00           0.00          29.64          40.56
        -174.00          26.17          28.64           0.00           0.00          25.17          41.79
        -173.00          25.94          29.23           0.00           0.00          31.76          41.10
        -172.00          24.96          29.19           0.00           0.00          24.02          40.24
        -171.00          25.45          29.55           0.00           0.00          29.76          38.87
        -170.00          25.68          29.52           0.00           0.00          32.70          38.89
        -169.00          28.75          29.44           0.00           0.00          29.74          38.27
        -168.00          25.82          29.48           0.00          36.14          29.32          39.85
        -167.00          25.64          29.48           0.00          38.17          30.02          37.56
        -166.00          26.61          29.67           0.00          34.81          27.41          36.75
        -165.00          29.42          30.25           0.00          37.02          20.15          38.26
        -164.00          28.98          30.48           0.00          36.91          21.04          38.28
        -163.00          28.81          31.19           0.00          37.18          28.91          38.26
        -162.00          24.89          30.86           0.00          37.69          24.05          38.08
        -161.00          27.35          30.79           0.00          38.31          25.17          37.94
        -160.00          27.53          30.44          33.29          32.75          27.92          38.50
        -159.00          26.44          30.17          33.80           0.00          27.99          39.26
        -158.00          26.23          30.26          34.17           0.00          27.58          40.02
        -157.00          27.98          29.74          33.68           0.00          27.44          41.26
        -156.00          26.29          29.77          33.73           0.00          32.85          40.83
        -155.00          29.16          29.35          35.10           0.00          32.75          41.28
        -154.00          26.63          29.42          33.45           0.00          23.63          38.69
        -153.00          25.30          29.01          34.11           0.00          25.77          38.08
        -152.00          31.35          28.90          34.36          32.48          26.67          38.54
        -151.00          25.62          28.72          36.75          38.80          28.53          39.46
        -150.00          27.75          28.76           0.00          36.78          31.36          38.80
        -149.00          27.60          28.50          32.74          35.73          22.77          37.80
        -148.00          22.89          28.17          34.28          38.26          23.89          41.74
        -147.00          22.60          28.31          33.03          36.19          18.41          40.69
        -146.00          25.67          28.85          34.92          36.13          29.05          40.56
        -145.00          21.73          28.89          33.29          37.88          27.74          39.64
        -144.00          24.41          28.62          33.61          35.12          22.77          39.45
        -143.00          24.64          28.17          34.21           0.00          29.98          40.62
        -142.00          22.33          28.44          34.16           0.00          31.60          40.37
        -141.00          26.42          28.34          34.69           0.00          29.83          41.46
        -140.00          29.82          28.74          35.57           0.00          31.35          40.95
        -139.00          28.01          29.11           0.00           0.00          30.47          40.18
        -138.00          25.65          28.86          32.81           0.00          29.25          39.98
        -137.00          27.64          28.65          33.18           0.00          27.97          39.30
        -136.00          26.08          28.95          33.59           0.00          31.36          38.19
        -135.00          28.29          29.08          33.99          33.29          29.92          36.88
        -134.00          25.69          28.95          32.80          36.88          26.21          37.38
        -133.00          25.61          29.77          32.94          34.57          26.74          37.17
        -132.00          23.52          29.81          32.07          37.45          20.00          35.82
        -131.00          24.72          29.78          35.02          34.08          24.38          36.30
        -130.00          28.21          30.73          33.02          36.09          19.51          37.43
        -129.00          25.12          30.76          31.30          33.62          22.11          35.81
        -128.00          27.66          30.99          32.95          35.54          26.16          36.32
        -127.00          26.94          31.22          29.59          32.11          21.20          34.43
        -126.00          28.29          30.99          28.81           0.00          26.69          35.38
        -125.00          24.79          30.39          29.67           0.00          23.92          35.71
        -124.00          23.00          30.01          29.33           0.00          25.03          35.72
        -123.00          27.98          29.88          28.92           0.00          22.44          36.62
        -122.00          27.85          30.06          29.02           0.00          27.19          36.27
        -121.00          24.93          30.18          28.54           0.00          25.67          35.50
        -120.00          30.31          30.47          30.50           0.00          21.74          34.64
        -119.00          27.48          30.54          30.46          29.05          25.36          33.09
        -118.00          24.28          30.16           0.00          29.21          21.13          33.04
        -117.00          23.93          30.32          29.40          32.12          29.22          33.89
        -116.00          27.47          30.12          27.97          30.20          23.13          33.32
        -115.00          30.80          30.42          28.55          31.83          18.67          33.15
        -114.00          26.79          30.41          29.45          30.66          19.73          36.15
        -113.00          32.34          30.42          28.71           0.00          17.86          35.51
        -112.00          34.58          30.24          29.94           0.00          22.03          35.48
        -111.00          27.21          30.62          28.86           0.00          22.87          35.90
        -110.00          26.04          29.83          29.82           0.00          21.11          36.44
        -109.00          26.99          30.10          30.79           0.00          22.24          38.33
        -108.00          27.79          30.54          30.44           0.00          25.68          39.25
        -107.00          28.56          30.72           0.00           0.00          23.62          39.60
        -106.00          28.31          30.33          30.63           0.00          22.83          38.91
        -105.00          25.55          30.35          30.03           0.00          28.30          38.74
        -104.00          28.98          29.89          29.94           0.00          23.93          37.65
        -103.00          30.33          30.09          30.26           0.00          27.64          37.25
        -102.00          28.20          29.94          30.06          36.99          28.36          37.08
        -101.00          28.21          30.52          31.36          35.03          26.99          38.33
        -100.00          28.28          30.21          31.42          35.29          25.68          35.78
         -99.00          28.11          30.08          33.32          34.60          21.97          36.76
         -98.00          32.93          30.12          32.40          34.31          25.11          35.27
         -97.00          30.36          30.09          36.41          36.35          21.87          34.80
         -96.00          31.66          29.60          33.53           0.00          19.43          35.97
         -95.00          31.25          30.00          31.41           0.00          20.32          34.99
         -94.00          26.46          30.45          30.85           0.00          20.55          35.18
         -93.00          22.95          30.53          29.92           0.00          19.84          34.50
         -92.00          30.49          30.64          29.85           0.00          22.15          34.00
         -91.00          29.15          30.47          31.17           0.00          25.83          34.50
         -90.00          25.72          30.68          28.97           0.00          21.40          36.14
         -89.00          31.02          30.98          30.75           0.00          23.10          37.36
         -88.00          26.90          30.83          29.00           0.00          22.54          36.52
         -87.00          27.70          30.73          31.48           0.00          23.22          36.90
         -86.00          28.74          30.62           0.00          28.76          25.08          36.62
         -85.00          30.87          30.36          27.25          30.60          27.05          35.48
         -84.00          31.83          30.68          29.74          32.64          21.36          34.23
         -83.00          27.22          30.29          28.89          29.78          22.21          35.79
         -82.00          30.22          31.12          28.92          33.59          25.82          36.34
         -81.00          28.78          31.09          30.24          32.25          21.59          35.29
         -80.00          25.01          31.04          29.20           0.00          19.20          36.38
         -79.00          29.07          30.98          31.56           0.00          19.65          40.02
         -78.00          33.81          31.18          30.66           0.00          26.28          39.91
         -77.00          31.67          31.44          33.28           0.00          19.82          39.91
         -76.00          28.70          31.35          33.04           0.00          23.40          40.00
         -75.00          25.28          31.32           0.00           0.00          26.43          41.25
         -74.00          29.91          32.18          32.18           0.00          24.59          41.57
         -73.00          26.34          31.44          30.99           0.00          28.79          41.07
         -72.00          26.86          31.14          31.67           0.00          28.37          41.45
         -71.00          29.74          32.02          30.22           0.00          28.40          41.16
         -70.00          32.04          31.68          32.55          30.83          27.96          41.28
         -69.00          30.40          32.10          31.70          35.91          28.80          41.63
         -68.00          29.35          32.25          32.77          32.87          28.82          41.31
         -67.00          28.91          31.97          33.68          36.00          29.28          42.56
         -66.00          30.30          32.19          33.58          34.36          33.29          44.09
         -65.00          30.17          31.80          37.51          34.51          27.35          42.75
         -64.00          28.55          31.42           0.00          33.52          28.04          41.45
         -63.00          24.66          32.27          34.64           0.00          23.75          39.76
         -62.00          27.45          32.58          33.01           0.00          27.09          40.25
         -61.00          32.81          32.18          33.17           0.00          24.86          41.85
         -60.00          30.06          32.28          34.96           0.00          28.28          41.68
         -59.00          30.60          32.09          34.28           0.00          27.20          42.00
         -58.00          33.17          32.10          35.14           0.00          29.51          41.24
         -57.00          29.98          32.19          36.27           0.00          28.83          41.62
         -56.00          30.69          32.71          37.41           0.00          28.40          42.53
         -55.00          31.50          32.76          39.02           0.00          36.59          43.77
         -54.00          27.70          33.36          40.67           0.00          27.85          43.63
         -53.00          28.70          53.30          30.45          39.89          31.11          44.05
         -52.00          31.04          33.26          37.35          39.97          29.71          43.05
         -51.00          31.65          31.64          35.50          41.57          30.72          42.43
         -50.00          28.79          32.06          35.71          38.54          29.63          42.02
         -49.00          28.47          32.19          36.78          39.31          33.10          42.37
         -48.00          30.23          32.20          35.28          42.00          31.76          43.42
         -47.00          31.36          32.07          36.94           0.00          31.81          43.06
         -46.00          30.69          31.94          36.83           0.00          25.93          42.64
         -45.00          30.60          32.09          38.66           0.00          24.42          45.47
         -44.00          34.22          32.05          39.29           0.00          27.00          45.63
         -43.00          30.03          32.04          43.56           0.00          27.86          48.22
         -42.00          32.36          31.84          35.17           0.00          32.19          48.95
         -41.00          29.65          31.89          37.80           0.00          35.98          51.29
         -40.00          30.62          31.57          38.36           0.00          33.40          54.81
         -39.00          33.90          31.64          37.58           0.00          35.01          55.77
         -38.00          30.51          31.36          38.52           0.00          33.21          54.19
         -37.00          31.39          31.74          40.39          42.25          36.22          52.80
         -36.00          31.61          31.64          38.36          43.28          33.30          50.42
         -35.00          29.70          31.48          43.14          45.66          37.95          49.46
         -34.00          32.21          31.90          41.84          42.28          35.11          48.01
         -33.00          32.63          31.36          44.10          45.40          34.57          48.58
         -32.00          29.29          31.04           0.00          47.11          34.90          47.31
         -31.00          28.98          31.64          42.30          45.97          36.49          47.09
         -30.00          32.08          31.89          48.88           0.00          35.29          47.57
         -29.00          29.75          31.90          44.09           0.00          32.03          46.68
         -28.00          30.63          31.49          42.52           0.00          28.33          47.28
         -27.00          31.77          31.71          42.69           0.00          33.21          49.03
         -26.00          29.07          31.82          41.95           0.00          31.87          49.59
         -25.00          30.27          31.44          43.21           0.00          33.26          49.04
         -24.00          33.35          31.75          44.54           0.00          34.06          47.67
         -23.00          28.06          31.86          45.25           0.00          37.13          49.87
         -22.00          26.85          31.79          47.91           0.00          35.29          49.75
         -21.00          31.59          31.49           0.00           0.00          39.00          52.88
         -20.00          30.03          31.55          43.36          45.27          40.94          54.26
         -19.00          30.94          31.46          43.81          51.55          38.84          55.65
         -18.00          31.22          31.93          44.61          47.82          40.07          57.34
         -17.00          29.71          32.25          41.31          51.02          39.05          53.86
         -16.00          29.46          32.22          39.98          45.35          39.07          50.10
         -15.00          27.92          31.93          42.27          45.99          38.97          48.66
         -14.00          31.83          31.98          39.90           0.00          37.30          49.07
         -13.00          31.86          32.25          43.91           0.00          37.26          44.99
         -12.00          31.28          32.36          42.18           0.00          31.78          43.22
         -11.00          31.23          32.88          45.12           0.00          32.19          46.30
         -10.00          30.12          32.66          42.18           0.00          30.57          47.33
          -9.00          32.37          32.95          39.68           0.00          33.06          48.92
          -8.00          29.21          32.53          40.41           0.00          35.17          54.41
          -7.00          30.59          32.66          39.80           0.00          36.43          53.85
          -6.00          31.24          32.93          40.09           0.00          36.20          55.17
          -5.00          32.25          33.30          41.36           0.00          33.21          53.53
          -4.00          30.17          33.03          40.66          40.05          33.56          52.78
          -3.00          31.85          32.89          40.65          46.50          32.49          53.48
          -2.00          32.08          33.10          41.16          47.65          34.00          50.37
          -1.00          30.75          32.71          42.70          42.86          35.83          50.29
           0.00          30.70          33.37          31.80          45.59          35.66          47.39
           1.00          28.95          33.50          39.33          47.80          30.78          47.64
           2.00          29.34          33.31          39.74          44.82          34.39          47.98
           3.00          32.60          33.29          40.58           0.00          33.16          48.26
           4.00          28.05          33.47          41.10           0.00          30.72          48.37
           5.00          32.23          33.35          39.20           0.00          28.36          48.69
           6.00          30.10          33.68          40.52           0.00          27.33          48.29
           7.00          30.30          33.62          40.29           0.00          26.18          46.05
           8.00          30.47          34.06          40.85           0.00          26.09          49.73
           9.00          29.39          33.85          41.26           0.00          27.49          44.67
          10.00          27.78          33.77          43.30           0.00          32.23          45.90
          11.00          30.50          33.58           0.00           0.00          30.65          47.16
          12.00          30.06          33.72          38.87           0.00          29.85          47.18
          13.00          26.94          34.05          38.60          44.61          31.80          48.39
          14.00          29.32          34.35          40.12          45.93          32.47          49.11
          15.00          29.98          34.04          37.98          44.14          33.81          48.11
          16.00          31.43          34.03          38.89          44.73          31.31          47.88
          17.00          33.21          33.94          40.72          44.71          33.93          46.94
          18.00          33.22          33.71          37.93          43.30          30.86          45.91
          19.00          28.55          33.97          41.43           0.00          31.77          45.03
          20.00          33.78          34.47          38.35           0.00          37.23          45.73
          21.00          33.06          34.36          39.67           0.00          34.32          45.64
          22.00          29.39          34.22           0.00           0.00          28.53          44.38
          23.00          26.65          34.41          38.72           0.00          27.31          45.27
          24.00          28.85          34.56          36.37           0.00          34.58          46.28
          25.00          31.80          34.12          35.48           0.00          31.39          45.09
          26.00          31.94          33.94          37.83           0.00          28.35          46.43
          27.00          32.41          34.93          35.25           0.00          32.53          46.63
          28.00          31.65          34.84          37.46           0.00          31.54          48.19
          29.00          29.97          34.61          37.38          43.37          33.31          48.43
          30.00          28.44          34.63          36.62          38.75          34.32          48.58
          31.00          29.25          34.67          37.76          42.82          32.98          48.26
          32.00          30.75          34.23          34.94          41.11          33.86          49.67
          33.00          28.28          34.40          33.15          40.05          32.07          47.60
          34.00          28.84          34.74          35.55          38.11          33.88          44.83
          35.00          33.09          34.35          34.15          43.57          34.40          43.90
          36.00          32.92          34.30          35.37           0.00          31.97          44.29
          37.00          31.76          34.00          35.38           0.00          31.83          43.36
          38.00          29.02          33.74          36.59           0.00          26.38          42.18
          39.00          27.86          34.41          36.70           0.00          26.45          43.42
          40.00          31.27          34.29          35.32           0.00          22.88          45.48
          41.00          31.87          34.15          35.27           0.00          28.84          44.44
          42.00          30.91          34.01          36.16           0.00          25.60          43.74
          43.00          30.54          34.12          38.30           0.00          21.36          42.67
          44.00          31.83          33.52          34.26           0.00          32.10          42.44
          45.00          29.09          33.83          33.22           0.00          27.99          43.33
          46.00          30.40          33.99          35.71          40.85          31.10          43.88
          47.00          32.38          33.69          34.29          37.77          28.76          43.44
          48.00          32.49          33.57          33.55          40.30          31.02          45.28
          49.00          30.06          33.43          35.92          38.79          35.26          45.07
          50.00          30.92          33.53          34.48          39.33          33.92          44.99
          51.00          31.71          32.94          35.60          37.97          33.02          44.18
          52.00          30.16          33.16          35.68           0.00          32.50          43.27
          53.00          32.96          33.05          34.76           0.00          35.42          41.79
          54.00          30.70          33.24          32.04           0.00          31.72          41.96
          55.00          29.15          32.36          34.27           0.00          31.47          41.92
          56.00          31.75          32.26          35.54           0.00          31.26          40.70
          57.00          30.39          31.82          34.38           0.00          26.71          40.45
          58.00          32.17          31.36          33.90           0.00          28.53          43.11
          59.00          33.25          31.24          35.59           0.00          28.29          42.25
          60.00          32.24          31.21          32.99           0.00          25.85          42.48
          61.00          32.78          30.58          36.61           0.00          29.98          41.93
          62.00          31.63          30.61          34.04          36.60          30.53          42.93
          63.00          30.75          30.40          35.74          38.91          27.83          44.00
          64.00          29.80          30.09          34.76          37.40          31.76          45.27
          65.00          27.00          29.91           0.00          38.99          33.66          46.27
          66.00          28.16          30.24          34.01          37.74          33.86          47.57
          67.00          25.33          29.74          34.95          39.67          31.13          46.94
          68.00          27.03          29.64          33.52          32.98          34.87          44.86
          69.00          29.08          29.01          33.94           0.00          33.22          43.56
          70.00          23.72          28.95          35.52           0.00          32.41          45.20
          71.00          25.89          29.39          34.10           0.00          35.02          44.28
          72.00          30.19          29.33          35.64           0.00          31.87          42.78
          73.00          30.38          29.52          35.56           0.00          26.98          43.84
          74.00          28.19          29.55          34.93           0.00          28.59          46.70
          75.00          30.15          29.26          35.01           0.00          27.76          45.07
          76.00          28.09          29.44          36.24           0.00          26.62          44.01
          77.00          27.88          29.73          34.77           0.00          27.76          44.44
          78.00          28.93          29.10          36.22          38.18          31.78          42.48
          79.00          28.92          29.02          35.11          37.45          30.38          43.41
          80.00          25.67          29.14          34.10          42.23          31.43          44.02
          81.00          25.62          29.05          36.60          36.87          35.00          44.55
          82.00          25.07          29.01          34.54          40.55          34.21          44.65
          83.00          28.09          28.37          35.79          38.84          35.21          44.28
          84.00          25.76          29.20          35.60          40.37          31.13          43.47
          85.00          26.19          29.48          35.58           0.00          40.05          42.26
          86.00          24.92          29.09          36.97           0.00          31.40          40.78
          87.00          24.77          29.27          34.23           0.00          28.79          39.58
          88.00          27.02          29.79          35.02           0.00          32.11          38.21
          89.00          26.91          29.34          34.79           0.00          34.97          39.70
          90.00          26.94          29.68          31.52           0.00          21.96          37.50
          91.00          28.58          29.24          29.89           0.00          24.20          36.13
          92.00          26.21          29.53          31.71           0.00          28.76          37.48
          93.00          26.06          28.76          30.64           0.00          21.93          38.65
          94.00          29.06          28.94          30.81           0.00          19.46          38.00
          95.00          27.77          29.23          31.83          36.08          27.73          38.14
          96.00          26.29          29.08          31.34          34.46          24.84          38.13
          97.00          25.22          29.45          32.46          33.23          27.48          40.15
          98.00          27.13          29.41          31.51          35.17          26.86          42.00
          99.00          25.77          29.20          32.68          35.08          29.01          43.10
         100.00          24.22          28.65          32.06          34.94          31.24          43.96
         101.00          22.63          28.07          30.89          36.33          30.46          44.33
         102.00          21.36          28.22          32.57           0.00          32.19          42.09
         103.00          24.03          28.54          32.84           0.00          31.32          40.71
         104.00          31.56          28.46          31.53           0.00          29.51          39.89
         105.00          28.99          28.55          33.26           0.00          30.34          41.23
         106.00          23.80          28.24          31.90           0.00          28.08          40.60
         107.00          27.60          28.71          32.33           0.00          28.28          39.84
         108.00          28.31          28.77           0.00           0.00          27.80          41.96
         109.00          27.15          28.96           0.00           0.00          26.57          43.50
         110.00          28.65          28.78           0.00          37.61          22.12          41.18
         111.00          27.62          28.74           0.00          39.25          22.94          41.03
         112.00          23.07          28.48           0.00          39.35          26.93          39.59
         113.00          24.22          28.34           0.00          38.46          31.11          41.49
         114.00          26.34          28.66           0.00          39.94          27.85          42.62
         115.00          29.50          28.16           0.00          37.90          30.66          42.71
         116.00          22.76          28.39           0.00          38.45          26.46          43.19
         117.00          25.25          28.54           0.00          41.38          33.82          43.04
         118.00          28.32          28.40           0.00           0.00          36.31          42.51
         119.00          23.54          28.13           0.00           0.00          36.12          42.06
         120.00          24.87          28.80           0.00           0.00          30.98          40.58
         121.00          24.69          27.81           0.00           0.00          31.01          39.70
         122.00          23.10          28.20           0.00           0.00          28.60          39.21
         123.00          26.23          28.08           0.00           0.00          30.72          40.47
         124.00          25.43          28.41           0.00           0.00          22.47          40.51
         125.00          18.59          28.08           0.00           0.00          23.88          39.67
         126.00          18.45          27.86           0.00          37.69          22.13          40.52
         127.00          26.10          27.94           0.00          37.77          20.77          41.91
         128.00          34.81          27.76           0.00          38.40          22.28          41.86
         129.00          28.24          28.47           0.00          38.27          24.89          43.72
         130.00          22.28          28.71           0.00          37.07          28.37          42.69
         131.00          29.71          28.07           0.00          37.09          27.74          43.54
         132.00          23.41          28.06           0.00          37.50          29.68          45.52
         133.00          27.30          28.44           0.00          36.99          32.36          45.03
         134.00          33.30          27.97           0.00          37.81          33.64          45.43
         135.00          27.54          28.43           0.00           0.00          33.96          45.55
         136.00          21.48          28.26           0.00           0.00          33.84          44.87
         137.00          24.30          28.19           0.00           0.00          31.76          43.37
         138.00          28.17          28.45           0.00           0.00          26.55          42.65
         139.00          27.29          28.14           0.00           0.00          30.60          40.75
         140.00          22.68          27.86           0.00           0.00          31.61          41.68
         141.00          22.73          28.64           0.00           0.00          28.32          41.58
         142.00          24.43          28.64           0.00           0.00          24.19          39.69
         143.00          28.57          28.50           0.00          38.85          29.16          42.05
         144.00          29.03          28.41           0.00          39.56          25.36          41.44
         145.00          26.07          28.44           0.00          39.08          21.66          41.26
         146.00          27.07          29.01           0.00          38.60          26.99          40.26
         147.00          24.91          28.91           0.00          38.43          29.09          40.11
         148.00          23.29          29.35           0.00          38.63          29.51          41.66
         149.00          25.22          28.75           0.00          36.32          28.64          41.44
         150.00          26.76          28.48           0.00          42.64          30.12          42.21
         151.00          25.45          28.38           0.00           0.00          30.47          42.04
         152.00          22.22          28.34           0.00           0.00          31.45          41.96
         153.00          26.46          28.30           0.00           0.00          32.16          42.13
         154.00          27.78          28.86           0.00           0.00          27.69          39.89
         155.00          24.22          28.59           0.00           0.00          30.92          39.53
         156.00          25.95          28.51           0.00           0.00          25.45          38.30
         157.00          23.26          28.50           0.00           0.00          26.28          40.60
         158.00          20.91          28.67           0.00           0.00          27.55          39.12
         159.00          27.06          28.70           0.00          37.09          24.31          37.55
         160.00          30.03          28.71           0.00          41.90          24.50          37.08
         161.00          27.61          28.73           0.00          39.58          22.95          38.48
         162.00          27.54          29.04           0.00          39.41          24.43          37.86
         163.00          28.03          28.90           0.00          38.57          30.24          37.46
         164.00          27.28          28.67           0.00          38.72          28.27          36.95
         165.00          28.43          28.74           0.00          41.32          27.83          37.03
         166.00          27.11          28.48           0.00          36.37          27.90          38.73
         167.00          23.85          28.57           0.00          39.47          31.44          39.76
         168.00          25.03          28.64           0.00           0.00          32.17          41.58
         169.00          27.23          28.73           0.00           0.00          30.75          43.67
         170.00          25.90          29.01           0.00           0.00          31.83          43.95
         171.00          26.55          28.73           0.00           0.00          28.83          42.29
         172.00          23.61          28.52           0.00           0.00          27.58          40.53
         173.00          26.09          28.79           0.00           0.00          30.86          40.06
         174.00          24.20          28.75           0.00           0.00          26.84          41.69
         175.00          25.98          28.58           0.00           0.00          30.77          40.93
         176.00          26.03          28.84           0.00          37.57          26.04          39.43
         177.00          24.77          29.26           0.00          36.45          24.37          40.96
         178.00          26.60          28.89           0.00          41.00          25.16          41.38
         179.00          26.39          28.98           0.00          38.58          25.36          41.08
