           Altitudes
Wavelength      244.125      209.250      174.375      139.500      104.625      69.7500      34.8750      0.00000     -34.8750
------------------------------------------------------------------------------------------
     0.908741     0.114084     0.117734     0.127320     0.138819     0.162831     0.218733     0.358848      2.54821     0.363161
     0.974142    0.0968604     0.102347     0.125855     0.134417     0.169490     0.228662     0.369329      2.47657     0.359805
      1.03977    0.0830225    0.0927517     0.122580     0.128182     0.165069     0.218730     0.361701      2.25937     0.325982
      1.10602     0.100046     0.107177     0.121749     0.139068     0.175528     0.233498     0.375848      2.31406     0.334857
      1.17171    0.0976847     0.111412     0.132536     0.150898     0.182847     0.237619     0.394618      2.16643     0.312487
      1.24521     0.101823     0.119047     0.134815     0.153771     0.189693     0.239525     0.384924      1.48231     0.266388
      1.32712     0.105643     0.122174     0.139275     0.144928     0.183032     0.234286     0.390171      1.81113     0.261269
      1.40129    0.0885681     0.102657     0.123691     0.143427     0.190141     0.242344     0.405707      1.74697     0.256315
      1.46677    0.0931647     0.116189     0.118994     0.132829     0.184438     0.244103     0.399440      1.11378     0.148058
      1.53231    0.0990925     0.104638     0.134221     0.146578     0.191705     0.244885     0.398619     0.768910    0.0774538
      1.60961     0.103232     0.124738     0.155254     0.151080     0.201002     0.264403     0.421061     0.991260     0.113827
      1.71354     0.106439     0.130889     0.144227     0.160821     0.199494     0.262976     0.430614      1.38940     0.184941
      1.77928     0.116671     0.128537     0.151386     0.155545     0.198259     0.262693     0.433509      1.50872     0.208414
      1.84460     0.106801     0.111768     0.135472     0.167558     0.180668     0.256430     0.445392      1.47930     0.201477
      1.91100     0.119405     0.137710     0.173549     0.154000     0.213512     0.277371     0.449549     0.967447     0.109454
      1.97690     0.105816    0.0994345     0.142663     0.155571     0.193751     0.265258     0.428471     0.637123    0.0613197
      2.04263     0.126339     0.116498     0.129296     0.150604     0.193385     0.255418     0.416278     0.620761    0.0505304
      2.10859     0.112333    0.0936555     0.136537     0.158715     0.182495     0.248951     0.434189     0.782530    0.0795716
      2.17470     0.103767     0.127379     0.134871     0.145165     0.195309     0.250891     0.488301      1.21181     0.149298
      2.24112    0.0954870     0.124654     0.119797     0.141191     0.188370     0.256477     0.485420      1.36722     0.167235
      2.30774    0.0729138    0.0748088     0.109559     0.130387     0.190915     0.259223     0.455462      1.16533     0.128575
      2.37609    0.0759238    0.0777481     0.131481     0.132458     0.192139     0.245463     0.451546      1.01067     0.102447
      2.44278    0.0768341    0.0558564     0.113871     0.116273     0.183434     0.247729     0.453386     0.959410     0.100857
      2.50828    0.0599727    0.0578599    0.0970208     0.140942     0.165231     0.239516     0.457584     0.951007    0.0950152
      2.57334    0.0538787    0.0400743    0.0802619     0.109455     0.142076     0.214587     0.432582     0.954274    0.0879812
      2.63826    0.0603169    0.0524409    0.0984421     0.100100     0.150355     0.235634     0.412949     0.958234    0.0852698
      2.70545    0.0865526    0.0867932    0.0946526    0.0896723     0.127838     0.192161     0.361033     0.734373    0.0636815
      2.77271   -0.0328219 -1.26629e-05  -0.00151184  -0.00444367    0.0320253    0.0692197     0.178939     0.268271    0.0306212
      2.84104  -0.00227932   -0.0179221   -0.0216596   -0.0154978   0.00754347   0.00466737    0.0531209    0.0743662   0.00814174
      2.90701    0.0137187   -0.0142332   0.00225657    0.0116568    0.0281636    0.0332210    0.0874256     0.114503    0.0150125
      3.00971   0.00137408  -0.00625610    0.0184349   0.00913379    0.0418697    0.0665740     0.129222    0.0889836   0.00208348
      3.08846    0.0271877    0.0545002    0.0763626    0.0461633    0.0997316     0.113436     0.185415     0.118107  -0.00694482
      3.15477    0.0946744    0.0466066    0.0541262    0.0606839     0.100359     0.144739     0.205203    0.0891911    0.0119869
      3.23983    0.0528434    0.0550990    0.0984775     0.104874     0.101930     0.169649     0.230626     0.135559   0.00802272
      3.32471    0.0985962     0.112160     0.122622     0.116823     0.167551     0.238122     0.328426     0.172412   0.00464518
      3.39041    0.0924893    0.0767168     0.135171     0.139353     0.181094     0.255409     0.378133     0.224980    0.0142159
      3.45666    0.0950992     0.118531     0.112132     0.113279     0.186793     0.251927     0.385679     0.278486    0.0243286
      3.52189    0.0977254    0.0865930    0.0917483     0.119436     0.200867     0.261791     0.431760     0.353742    0.0319926
      3.58826    0.0606715    0.0533695    0.0663874     0.116807     0.158503     0.243074     0.405066     0.329011    0.0347208
      3.65686    0.0775706    0.0962953    0.0810866    0.0742553     0.150715     0.223860     0.426217     0.390403    0.0458631
      3.72559    0.0564752    0.0472374    0.0709461     0.115814     0.183974     0.263881     0.425141     0.371525    0.0372068
      3.79258    0.0254988    0.0659067     0.106388     0.112660     0.167610     0.228644     0.404344     0.325300    0.0448850
      3.92292     0.197244     0.188308     0.182291     0.142210     0.184170     0.231591     0.387588     0.329734    0.0332083
      3.98836    0.0518751    0.0633497    0.0676782    0.0698663     0.124305     0.190709     0.346550     0.247941    0.0148886
      4.05514    0.0436055    0.0860080    0.0450561    0.0305112     0.151440     0.227841     0.332314     0.230943    0.0427884
      4.12315    0.0117446    0.0403057    0.0260380    0.0453591    0.0931162     0.152469     0.343954     0.221149    0.0216984
      4.18975     0.102920    0.0342798    0.0941287    0.0673306     0.111984     0.221523     0.303428     0.299915    0.0290201
      4.25122    0.0461844   -0.0103998    0.0966199    0.0118140     0.147284     0.165503     0.293761     0.237409    0.0209631
      4.32761    0.0845540    0.0660174    0.0892789    0.0473769     0.146054     0.177055     0.309746     0.257057    0.0239233
      4.40699    0.0297428    0.0389439   0.00449587   -0.0371159    0.0694173    0.0898992     0.285272     0.216834   0.00117291
      4.47384   -0.0453406  -0.00799324    0.0776190    0.0882011    0.0385100     0.141256     0.297283     0.217398    0.0389764
      4.54239   -0.0226709     0.162402     0.155528   0.00260418    0.0505150     0.133689     0.328282     0.116494    0.0140151
      4.61118   -0.0884503    0.0975588   -0.0235969  -0.00708104    0.0707202     0.135678     0.261335     0.212549  -0.00434387
      4.67865    0.0955791    0.0600232    0.0955464    0.0542228     0.123876     0.229160     0.334071     0.194399    0.0180519
      4.74922     0.109518     0.218162    0.0731978   -0.0622293    0.0876431  -0.00916833     0.342109     0.261969  -0.00125887
      4.82793     0.155507    0.0515544    0.0370058  -0.00986336     0.258823     0.231120     0.354641     0.288084    0.0197937
      4.89435     0.218008     0.131071  -0.00105829   -0.0334514     0.210766     0.195780     0.305335     0.335093   -0.0310240
      4.96287         -NaN         -NaN     0.138026   -0.0703443    0.0394712     0.108635     0.262755     0.138178   -0.0319178
      5.03157         -NaN         -NaN     0.193159    0.0131772    0.0622432    0.0496543         -NaN         -NaN   0.00112819
      5.09497    0.0197061         -NaN   -0.0105063         -NaN     0.184000     0.101567     0.317459     0.256435    0.0981097
