           Altitudes
Wavelength      277.025      237.450      197.875      158.300      118.725      79.1500      39.5750      0.00000     -39.5750
------------------------------------------------------------------------------------------
     0.908741    0.0223908   0.00334357   0.00703419   0.00574905    0.0189480    0.0122052   0.00877131    0.0245696    0.0174187
     0.974142    0.0267351    0.0192048   0.00662746    0.0110817   0.00840910   0.00382646   0.00528633    0.0216479    0.0177116
      1.03977    0.0168379   0.00648953   0.00660892   0.00578860   0.00236812   0.00214080   0.00770636   0.00608108   0.00809276
      1.10602    0.0104958    0.0102780   0.00931342   0.00768868   0.00345413    0.0100193    0.0102162    0.0187634    0.0133472
      1.17171    0.0105036   0.00874871   0.00467290   0.00366215   0.00277997   0.00480324    0.0143846    0.0496511    0.0224712
      1.24521   0.00841277    0.0101460   0.00698307   0.00579679   0.00515202   0.00358764   0.00681964     0.175271    0.0151776
      1.32712    0.0119537    0.0111383   0.00260827   0.00413535    0.0100066   0.00444778   0.00561654    0.0221429    0.0107073
      1.40129    0.0166357    0.0119807   0.00461636   0.00731555   0.00667567   0.00775850   0.00642452    0.0665734    0.0233642
      1.46677   0.00860708   0.00738222   0.00484369    0.0136162   0.00969114   0.00828681   0.00436558     0.112418    0.0326275
      1.53231    0.0167159   0.00968979   0.00889143    0.0172956   0.00559334   0.00741533    0.0156655    0.0123485   0.00432957
      1.60961    0.0232657    0.0142227   0.00632659    0.0162184   0.00713295    0.0111734   0.00770656    0.0551960    0.0184771
      1.71354    0.0227109    0.0135228    0.0119415    0.0117979    0.0153576   0.00365490    0.0156640    0.0468280    0.0161158
      1.77928    0.0328441    0.0293468    0.0121433    0.0204771    0.0172647   0.00950819    0.0110653    0.0133910    0.0149118
      1.84460    0.0250309    0.0257999    0.0134193    0.0151743   0.00797193   0.00954905    0.0238548    0.0167987    0.0103606
      1.91100    0.0153441    0.0233294    0.0207153    0.0192212    0.0185300    0.0120588    0.0142920    0.0793840    0.0224340
      1.97690    0.0310901    0.0366605    0.0117100   0.00906261   0.00939219    0.0181240   0.00836563    0.0446618   0.00478576
      2.04263    0.0313089    0.0156418    0.0144723    0.0107717    0.0109299   0.00490775    0.0112178    0.0339858    0.0112177
      2.10859   0.00870303    0.0151954    0.0189051   0.00920157   0.00909272   0.00906529    0.0114977    0.0479959    0.0100102
      2.17470    0.0370336    0.0307164    0.0148690    0.0216975    0.0297596    0.0147301    0.0165221    0.0592733    0.0120196
      2.24112    0.0224970    0.0275644    0.0148786   0.00987092   0.00981926    0.0162554    0.0111888    0.0122272    0.0112237
      2.30774    0.0172591    0.0276241   0.00608181    0.0207037    0.0182692    0.0181999    0.0109245    0.0285038    0.0277636
      2.37609    0.0499414    0.0223601    0.0266065    0.0191512    0.0108347    0.0251350    0.0100936    0.0134540    0.0111945
      2.44278    0.0416186    0.0290527   0.00746158    0.0138285    0.0221472    0.0144502    0.0178566    0.0190567   0.00787641
      2.50828    0.0137629    0.0193633    0.0130770    0.0334148    0.0232647    0.0309195    0.0120002    0.0122869    0.0198891
      2.57334    0.0336161    0.0386506    0.0288341    0.0209453    0.0230636    0.0249454    0.0379296    0.0206370    0.0336339
      2.63826    0.0275042    0.0189051    0.0120710    0.0183778    0.0182484   0.00669247    0.0179469   0.00939231   0.00779011
      2.70545    0.0393257    0.0383130   0.00712682    0.0129984    0.0204268    0.0162057    0.0204865    0.0487596   0.00787814
      2.77271    0.0377239    0.0243968    0.0239875   0.00952846    0.0215610    0.0308560    0.0300635    0.0624827    0.0110809
      2.84104   0.00895097    0.0426239    0.0117005   0.00317891    0.0180939    0.0191511    0.0219513    0.0229296    0.0169381
      2.90701    0.0402130    0.0242014    0.0219864    0.0106526    0.0268680    0.0195609    0.0321513    0.0252743   0.00816969
      3.00971    0.0308818    0.0361284    0.0239889    0.0106714    0.0319125    0.0180468    0.0281260    0.0150866    0.0100963
      3.08846    0.0598880    0.0290175    0.0335026    0.0105292    0.0482727    0.0182312    0.0122876    0.0133508    0.0142136
      3.15477    0.0633096    0.0444521    0.0209381    0.0124711   0.00964678   0.00866841   0.00991498    0.0191827    0.0190164
      3.23983    0.0461049    0.0229315    0.0174172    0.0353767    0.0527056    0.0167215    0.0324434    0.0315826    0.0127849
      3.32471    0.0302448    0.0359285    0.0218901    0.0106849    0.0196974    0.0266228    0.0323298   0.00981134    0.0136284
      3.39041    0.0167177    0.0307382    0.0108437   0.00786680    0.0212212    0.0186010    0.0277689    0.0189320    0.0131790
      3.45666    0.0598540    0.0625435    0.0167238    0.0249239    0.0432086    0.0144862    0.0251387    0.0369207    0.0174535
      3.52189    0.0406431    0.0373342   0.00769514    0.0224102    0.0394741    0.0484975    0.0313714    0.0116742   0.00852261
      3.58826    0.0452972    0.0419544    0.0435790    0.0326272    0.0204048    0.0278623    0.0212257    0.0218759    0.0106113
      3.65686    0.0592181    0.0483249    0.0274473    0.0152574    0.0264826    0.0185422    0.0278719    0.0454021    0.0111650
      3.72559     0.127484   0.00745159    0.0327704    0.0333724    0.0483885    0.0187189    0.0373720    0.0152625    0.0159717
      3.79258    0.0834625     0.132211    0.0476723    0.0799420    0.0770752    0.0436578    0.0336746    0.0723472    0.0224154
      3.92292     0.108201    0.0863662    0.0530716    0.0570682    0.0529308    0.0445441    0.0402459    0.0178705    0.0293494
      3.98836     0.117662    0.0980630     0.108442    0.0649286    0.0488164    0.0187854    0.0250170    0.0464929   0.00672688
      4.05514    0.0857731    0.0835715     0.117269    0.0589202    0.0231431    0.0929986    0.0829713    0.0747966    0.0268100
      4.12315    0.0218985    0.0854518    0.0512502    0.0254559    0.0463898    0.0526185    0.0312632    0.0495501   0.00948055
      4.18975    0.0894270    0.0845041    0.0570098    0.0168739    0.0501148    0.0338613    0.0266392    0.0722337    0.0249665
      4.25122    0.0556089    0.0701118    0.0168556    0.0322007    0.0576441    0.0493616    0.0536015    0.0160207    0.0464112
      4.32761    0.0539319    0.0656621    0.0694616    0.0670438    0.0506798    0.0446441    0.0828826    0.0391358    0.0333010
      4.40699     0.181972    0.0596370    0.0527524    0.0453477    0.0985908    0.0522303    0.0676866    0.0718235    0.0547474
      4.47384     0.105379    0.0990854    0.0943301    0.0336795    0.0585503    0.0355295    0.0342369    0.0817408    0.0388860
      4.54239     0.158819    0.0726539     0.115024    0.0562552    0.0737732     0.128273     0.115656    0.0412071    0.0556113
      4.61118     0.125625     0.126269    0.0849341    0.0462460    0.0327293    0.0384580    0.0662735    0.0663972    0.0404696
      4.67865     0.231384     0.172137     0.182362    0.0507309    0.0738602    0.0332012    0.0851591    0.0700948    0.0330870
      4.74922         -NaN     0.196355    0.0829207     0.207694     0.105696    0.0826127     0.144223    0.0619020    0.0225431
      4.82793         -NaN     0.231254     0.202234    0.0736386     0.135608    0.0372516     0.110548    0.0356291    0.0376401
      4.89435         -NaN     0.190286     0.155326     0.119614    0.0862233    0.0840518     0.152749     0.102886    0.0475236
      4.96287         -NaN     0.345660    0.0653707     0.197397     0.209040    0.0788877    0.0925405     0.101735    0.0267717
      5.03157         -NaN     0.191583     0.189065     0.154734     0.163477     0.153303     0.112347    0.0937229     0.139048
      5.09497         -NaN         -NaN     0.304874     0.366911     0.255739     0.336744     0.158588     0.201587     0.136970
