           Altitudes
Wavelength      279.863      246.938      214.013      181.088      148.163      115.238      82.3125      49.3875      16.4625
------------------------------------------------------------------------------------------
     0.908741    0.0994673    0.0856403     0.103010     0.118700     0.129895     0.147866     0.167559     0.201822     0.656978
     0.974142    0.0864282    0.0972220    0.0946067     0.112851     0.136806     0.141854     0.170744     0.211732     0.690783
      1.03977     0.103668     0.112812     0.115986     0.120665     0.134026     0.158211     0.175630     0.218408     0.701892
      1.10602    0.0991447     0.102460     0.108085     0.118714     0.135343     0.158376     0.172572     0.218874     0.685315
      1.17171    0.0986406     0.100315     0.112856     0.111993     0.136739     0.164835     0.172831     0.224066     0.701587
      1.24521    0.0933248    0.0892242    0.0949614     0.114218     0.135255     0.153581     0.173127     0.235356     0.543917
      1.32712    0.0937455    0.0934836    0.0980915     0.117539     0.130129     0.155978     0.177896     0.228266     0.628639
      1.40129    0.0860891     0.100741    0.0873763     0.107569     0.138517     0.153792     0.180277     0.233163     0.613118
      1.46677    0.0881209     0.105924     0.114458     0.108428     0.147785     0.160822     0.191881     0.248825     0.478752
      1.53231    0.0778754    0.0837172    0.0904941     0.125991     0.162591     0.166539     0.188266     0.240866     0.383811
      1.60961    0.0814097    0.0860819    0.0913376     0.115417     0.164245     0.168890     0.197425     0.247688     0.448340
      1.71354    0.0499977    0.0665033    0.0820900     0.106058     0.135604     0.160432     0.190805     0.245385     0.563797
      1.77928    0.0509164    0.0923703    0.0895649     0.124788     0.128339     0.151945     0.198372     0.252544     0.583642
      1.84460    0.0739672    0.0880536    0.0879540     0.113333     0.133539     0.159685     0.203411     0.258302     0.583339
      1.91100    0.0797545    0.0866783     0.101838     0.114294     0.146599     0.159513     0.207757     0.257107     0.488512
      1.97690    0.0809063    0.0756499    0.0729171     0.112883     0.129800     0.153294     0.192992     0.258096     0.412691
      2.04263    0.0608821    0.0975005    0.0760763    0.0978341     0.139900     0.146651     0.200438     0.274724     0.396504
      2.10859    0.0653931    0.0788512    0.0851994     0.121515     0.150903     0.166809     0.192418     0.270536     0.455690
      2.17470    0.0599132    0.0803551    0.0903220    0.0860401     0.120302     0.154617     0.200079     0.263916     0.555622
      2.24112    0.0653446    0.0697346    0.0848143    0.0854290     0.129577     0.136961     0.191055     0.262654     0.581774
      2.30774    0.0411133    0.0431135    0.0682063    0.0709060     0.114016     0.128535     0.166610     0.249952     0.521100
      2.37609    0.0413197    0.0508406    0.0637028    0.0946014     0.100008     0.126851     0.167494     0.245588     0.506946
      2.44278    0.0521357    0.0659316    0.0612615    0.0645059    0.0943670     0.109417     0.150735     0.229225     0.501770
      2.50828    0.0257782    0.0560828    0.0606087    0.0535183    0.0984004     0.117575     0.146292     0.231635     0.501047
      2.57334  -0.00226508   0.00979838    0.0262278    0.0310676    0.0773549    0.0760469     0.120608     0.210410     0.485831
      2.63826   0.00283164    0.0263451    0.0423750    0.0507495    0.0862310    0.0965609     0.148347     0.199469     0.481523
      2.70545   0.00204430    0.0154038    0.0599774    0.0573936    0.0752205    0.0823099     0.119063     0.179553     0.403992
      2.77271   -0.0102867  -0.00249769   -0.0169906   0.00146295    0.0214032    0.0281302    0.0441501    0.0870626     0.207971
      2.84104    0.0162054    0.0176592 -0.000182216   0.00697318    0.0190437    0.0169641    0.0106373    0.0193044    0.0568550
      2.90701   -0.0377004   -0.0414951   -0.0412182   -0.0523367   -0.0295314   -0.0164435   0.00110082    0.0240920    0.0780680
      3.00971   0.00400610  -0.00445616    0.0213379    0.0137964    0.0171900    0.0464514    0.0372598    0.0563872     0.109650
      3.08846   -0.0110457    0.0218498    0.0381881    0.0330737    0.0563520    0.0718969    0.0835436     0.111605     0.152305
      3.15477   0.00646160   0.00455074    0.0191042    0.0170278    0.0357536    0.0585049    0.0701761     0.111199     0.142483
      3.23983    0.0262308   0.00807638    0.0413152    0.0430591    0.0594539    0.0951878     0.100150     0.123408     0.183738
      3.32471    0.0234994    0.0833234    0.0917809    0.0984167     0.130485     0.141102     0.165695     0.191499     0.260614
      3.39041    0.0100707    0.0242725    0.0540494    0.0432432     0.111376     0.106310     0.160999     0.201536     0.301172
      3.45666   0.00543548   -0.0130631    0.0402980    0.0632752    0.0846653     0.107205     0.138323     0.206515     0.307915
      3.52189    0.0242771    0.0633710    0.0726356    0.0810684     0.109204     0.124998     0.172713     0.215668     0.340953
      3.58826    0.0840993    0.0529499    0.0417326    0.0942837     0.115599     0.125248     0.182433     0.231882     0.359368
      3.65686  -0.00377585    0.0517254    0.0484802    0.0504721    0.0870236    0.0891194     0.155171     0.213324     0.344974
      3.72559   0.00804034    0.0316657   0.00963046    0.0681036     0.129394     0.127547     0.135241     0.207546     0.332574
      3.79258    0.0447758   0.00712732    0.0236764    0.0611872     0.124089    0.0966374     0.140360     0.200859     0.333152
      3.92292    0.0567999    0.0349575    0.0638700    0.0322024    0.0843959    0.0802071     0.146479     0.189057     0.309787
      3.98836   -0.0880458   -0.0840985    0.0437772    0.0399104    0.0564719    0.0588927     0.106222     0.191078     0.269942
      4.05514    -0.112643   -0.0162341   -0.0539070    0.0303866    0.0455371     0.107542     0.120175     0.153638     0.313043
      4.12315    -0.142145   -0.0379551   -0.0890609   -0.0169170   -0.0191525    0.0483817    0.0925931     0.135520     0.246913
      4.18975    0.0119316    0.0176817    0.0143307   -0.0242331    0.0677856    0.0698449    0.0958522     0.144655     0.273281
      4.25122   -0.0838915   -0.0260812   -0.0237790   -0.0315894    0.0449045    0.0172848    0.0778265     0.115621     0.234673
      4.32761    0.0282654   -0.0679431   0.00627000    0.0254644    0.0924548     0.103841     0.152449     0.128893     0.238370
      4.40699    0.0795236   -0.0359227    0.0889144    0.0288909     0.102784    0.0191081    0.0850498     0.142462     0.236529
      4.47384   -0.0762568    0.0212799    -0.107978   -0.0457551    0.0252574   0.00502037    0.0935940     0.121573     0.209930
      4.54239    0.0464662   -0.0144376    0.0544271    0.0106225    0.0349535    0.0521599    0.0602058     0.125961     0.275796
      4.61118    -0.214268    -0.122509   -0.0249280    0.0224536     0.122042    0.0701050    0.0582995     0.151588     0.223341
      4.67865    -0.320926    -0.101388    -0.129158    -0.107640   0.00860877    0.0769286    0.0342490    0.0903502     0.280390
      4.74922   -0.0778515   -0.0113003    0.0285272    0.0982140     0.107138    0.0547547     0.108452     0.109623     0.207215
      4.82793   -0.0668701     0.103115    0.0492158    0.0751207     0.130821  -0.00335669     0.131991     0.164834     0.260532
      4.89435    0.0713641  0.000515160   -0.0174099   -0.0787409    0.0231812     0.163094    0.0628788     0.188229     0.276167
      4.96287    -0.141541    0.0575423    -0.144188    -0.181550    0.0258235     0.133346    0.0528860     0.160346     0.295989
      5.03157   0.00711767    -0.509254   0.00392598   -0.0171561   -0.0908134   -0.0603261   0.00550911    0.0922981     0.319201
      5.09497    -0.392294    0.0236822    0.0524917    -0.525630    0.0430346   -0.0440280   -0.0218984     0.230665     0.330603
