           Altitudes
Wavelength      279.863      246.938      214.013      181.088      148.163      115.238      82.3125      49.3875      16.4625
------------------------------------------------------------------------------------------
     0.908741    0.0134719   0.00958666   0.00553435   0.00565827    0.0135879   0.00524247   0.00912970   0.00243042    0.0256307
     0.974142   0.00951007   0.00277410   0.00348208   0.00906154   0.00524797   0.00596887   0.00632178   0.00468768    0.0333017
      1.03977   0.00480401    0.0116329   0.00367347   0.00550967   0.00239889   0.00104981   0.00323720   0.00118368    0.0413796
      1.10602   0.00460123   0.00493667   0.00598712   0.00589538   0.00447090   0.00383073   0.00466283   0.00300887    0.0308112
      1.17171   0.00728993   0.00528767   0.00516416   0.00299586   0.00334612   0.00347708   0.00135077   0.00255604    0.0278106
      1.24521   0.00650352   0.00846084   0.00572059   0.00473104   0.00637984  0.000431099   0.00150015   0.00798868    0.0284708
      1.32712   0.00648823   0.00972712   0.00692053   0.00773799   0.00967509   0.00218620   0.00273682   0.00417435    0.0154344
      1.40129   0.00730796   0.00797294   0.00781280   0.00601042   0.00809744   0.00398430   0.00305270   0.00195020    0.0169683
      1.46677    0.0166205    0.0141225    0.0104356   0.00967528   0.00527951    0.0117272   0.00201372   0.00470212    0.0257346
      1.53231   0.00937221   0.00410922   0.00963055   0.00557528   0.00615482   0.00833592   0.00241384   0.00761483   0.00575008
      1.60961    0.0175870   0.00889325    0.0110461    0.0120806   0.00794931   0.00499113   0.00403991   0.00198438    0.0220596
      1.71354   0.00535794    0.0217872   0.00569949    0.0153055   0.00857512   0.00653351   0.00533325   0.00880985    0.0109780
      1.77928    0.0115798    0.0115583    0.0115079    0.0205653   0.00670912   0.00321132   0.00762858   0.00432502    0.0100885
      1.84460    0.0144363    0.0130708    0.0112006    0.0133892    0.0110136   0.00444500   0.00588597   0.00983317    0.0208966
      1.91100    0.0260505    0.0102572   0.00429056   0.00927254   0.00631451   0.00966631    0.0100087   0.00739914    0.0304312
      1.97690    0.0181337   0.00742641   0.00986022    0.0101486   0.00695611    0.0181686   0.00612786   0.00929996    0.0100278
      2.04263   0.00687212   0.00520788   0.00570394   0.00368954    0.0114070   0.00802560   0.00921953   0.00689234   0.00911257
      2.10859    0.0178656    0.0220722    0.0123212   0.00810008   0.00793419   0.00683048   0.00517740   0.00530817    0.0253780
      2.17470    0.0255259    0.0156911    0.0110774    0.0105220   0.00749420   0.00770937   0.00934202   0.00637551   0.00867186
      2.24112   0.00842432    0.0170370    0.0144763    0.0126590   0.00441343   0.00763514   0.00537971   0.00538479    0.0177522
      2.30774    0.0119705   0.00830788   0.00897681    0.0162085   0.00508536   0.00716468   0.00353261   0.00640768   0.00752212
      2.37609    0.0140278    0.0150473   0.00823991    0.0117872    0.0117824   0.00244666    0.0122628   0.00451761   0.00937312
      2.44278    0.0163830    0.0193020    0.0118364    0.0120778   0.00760540   0.00289563    0.0115436   0.00831745   0.00802176
      2.50828    0.0137216    0.0164620   0.00545746    0.0230592    0.0114885   0.00793548   0.00477733   0.00841385   0.00886135
      2.57334    0.0126655   0.00730863   0.00520062    0.0241037    0.0552517    0.0284016   0.00716800    0.0252556    0.0142992
      2.63826   0.00848460    0.0153294    0.0180724    0.0165431    0.0124911   0.00375384    0.0103505   0.00557218    0.0136392
      2.70545    0.0100505    0.0108073    0.0103106    0.0154751    0.0155605   0.00503581   0.00431425   0.00664467    0.0269192
      2.77271    0.0151374    0.0154802    0.0128806    0.0240132    0.0175861    0.0124165    0.0214308    0.0192677    0.0397929
      2.84104    0.0244583   0.00970863    0.0220785    0.0167045    0.0111830    0.0180572    0.0113410   0.00330096    0.0117023
      2.90701    0.0169140    0.0198681   0.00744261    0.0136007   0.00184012   0.00803303   0.00860450   0.00775820    0.0100173
      3.00971    0.0205777    0.0147439    0.0274348    0.0169474    0.0121489    0.0291743    0.0232926    0.0214879    0.0153909
      3.08846    0.0240931    0.0148535    0.0205450    0.0105423    0.0125558    0.0155893   0.00767715    0.0148038   0.00736366
      3.15477   0.00899614    0.0160250    0.0196617    0.0190733    0.0107317   0.00792351    0.0152150    0.0106763    0.0116315
      3.23983    0.0313967    0.0140466    0.0285193    0.0272142    0.0162538    0.0305490    0.0175216    0.0170602    0.0224656
      3.32471    0.0149368   0.00939283   0.00554366    0.0218971   0.00447511   0.00985940   0.00466082   0.00927984    0.0147641
      3.39041    0.0295793    0.0278478    0.0296755    0.0256472   0.00739418    0.0124376   0.00738872   0.00762858    0.0151329
      3.45666    0.0234082    0.0154559    0.0305373    0.0193661    0.0348597    0.0212448    0.0270552    0.0156454   0.00948392
      3.52189    0.0272957    0.0330909    0.0292348    0.0339072    0.0103423    0.0101010    0.0159958    0.0111371   0.00822841
      3.58826    0.0231926    0.0231040    0.0251411    0.0230022    0.0163386    0.0304304    0.0120020    0.0123132   0.00462416
      3.65686    0.0109057    0.0401492    0.0205467    0.0261933   0.00951828    0.0186280   0.00796707    0.0136808   0.00944107
      3.72559    0.0532734    0.0682951    0.0403697    0.0295055    0.0479942    0.0209591    0.0148238    0.0188346    0.0169442
      3.79258    0.0677689    0.0486021    0.0262943    0.0188197    0.0171413    0.0221520   0.00805336    0.0138912    0.0127517
      3.92292    0.0399961    0.0481465    0.0430112    0.0541195    0.0376699    0.0156398    0.0231937   0.00866488   0.00721242
      3.98836    0.0464550    0.0263783    0.0378575    0.0306091    0.0338900    0.0161009    0.0206389    0.0149113    0.0153603
      4.05514    0.0816643    0.0606393    0.0704875    0.0315500    0.0280337    0.0260369    0.0352968    0.0167028    0.0165010
      4.12315    0.0381941    0.0454698    0.0148950    0.0332250    0.0374470    0.0293475    0.0180932    0.0406447   0.00912080
      4.18975    0.0304886    0.0367768    0.0269274    0.0354930    0.0216575    0.0107276    0.0442394    0.0300011    0.0211472
      4.25122    0.0459345    0.0313770    0.0162339    0.0257377    0.0162319    0.0131275    0.0392703   0.00906496   0.00760797
      4.32761    0.0190526    0.0482073    0.0173842    0.0596839    0.0438156   0.00918095    0.0218135    0.0122325   0.00496015
      4.40699    0.0682573    0.0833267    0.0591547    0.0220808    0.0477547    0.0504286    0.0229741    0.0115199    0.0102546
      4.47384    0.0398803    0.0762580    0.0571720    0.0835321    0.0350720    0.0145278    0.0258995    0.0128913    0.0132331
      4.54239    0.0277305    0.0295997    0.0395395    0.0558084    0.0433641    0.0513302    0.0363289    0.0357227    0.0339420
      4.61118    0.0701141     0.102366    0.0809995     0.109618    0.0454090     0.126584    0.0772614    0.0221247    0.0350167
      4.67865     0.152494    0.0478363    0.0298462    0.0666047    0.0801623    0.0369989    0.0570698    0.0614731    0.0220225
      4.74922     0.113619    0.0987290    0.0709665     0.149585    0.0396856    0.0569554    0.0735822    0.0568274    0.0560503
      4.82793     0.102165    0.0241534    0.0976018     0.144698     0.123189     0.144111    0.0226141    0.0462781    0.0551099
      4.89435    0.0633636    0.0377866    0.0450986    0.0411971    0.0644043    0.0510782    0.0774515    0.0296691    0.0164783
      4.96287     0.139711     0.142909    0.0938353     0.134673     0.139532    0.0946266    0.0533555    0.0639917    0.0773732
      5.03157     0.236567     0.156055    0.0562125     0.150369     0.204746     0.104775    0.0567348    0.0454020    0.0528863
      5.09497     0.392555    0.0958160     0.744761     0.731999     0.190886     0.151833     0.135011    0.0926261    0.0646611
