           Altitudes
Wavelength      277.025      237.450      197.875      158.300      118.725      79.1500      39.5750      0.00000     -39.5750
------------------------------------------------------------------------------------------
     0.908741     0.107900     0.151553     0.130486     0.171483     0.235279     0.289722     0.420693      2.13508     0.543481
     0.974142     0.103049     0.142021     0.158067     0.184562     0.235481     0.297184     0.431762      2.09125     0.550825
      1.03977     0.102573     0.161371     0.165566     0.209135     0.248362     0.300992     0.455180      1.96746     0.498625
      1.10602     0.126494     0.164609     0.152751     0.194511     0.237463     0.307477     0.454409      2.02866     0.526849
      1.17171     0.123848     0.141115     0.153669     0.194425     0.256593     0.313470     0.490132      1.94972     0.461707
      1.24521     0.134959     0.151927     0.165955     0.202440     0.252242     0.318395     0.477385      1.43319     0.419750
      1.32712     0.118152     0.163110     0.162376     0.198403     0.259583     0.326006     0.505123      1.67423     0.383365
      1.40129    0.0932957     0.138598     0.149322     0.201826     0.264544     0.325057     0.506544      1.57668     0.386747
      1.46677     0.150097     0.173392     0.168560     0.211569     0.264575     0.344506     0.504969      1.09894     0.230685
      1.53231     0.107718     0.153897     0.155419     0.201340     0.257817     0.320523     0.502026     0.828440     0.134178
      1.60961     0.133277     0.204481     0.175081     0.204327     0.274358     0.339018     0.511759     0.986460     0.165712
      1.71354     0.155777     0.105879     0.160553     0.208682     0.278536     0.342360     0.556527      1.34194     0.294036
      1.77928     0.105563     0.119010     0.154855     0.206916     0.287529     0.357137     0.562547      1.40005     0.328493
      1.84460    0.0519225     0.148425     0.173544     0.210188     0.262912     0.381393     0.589378      1.39213     0.285229
      1.91100     0.127192    0.0939037     0.177553     0.226974     0.287400     0.365916     0.556013      1.06036     0.175622
      1.97690     0.139360     0.157228     0.198838     0.229569     0.258716     0.383970     0.541999     0.762208     0.100862
      2.04263    0.0664869     0.157293     0.169221     0.189681     0.278143     0.343603     0.536350     0.737406    0.0953085
      2.10859     0.105579     0.115793     0.155701     0.223959     0.258844     0.361363     0.551502     0.884384     0.122736
      2.17470     0.113051     0.139925     0.156226     0.196434     0.296999     0.339194     0.571484      1.15960     0.229041
      2.24112    0.0723955    0.0906621     0.142832     0.184208     0.271059     0.363338     0.584568      1.30690     0.253183
      2.30774    0.0766175     0.124362     0.126827     0.171428     0.261626     0.354121     0.584049      1.11537     0.237207
      2.37609    0.0554116     0.105890     0.130240     0.195770     0.256976     0.351667     0.543654     0.951317     0.166808
      2.44278    0.0861104     0.120682     0.152939     0.211978     0.267098     0.374861     0.538489     0.931849     0.160725
      2.50828    0.0404459    0.0842371     0.136126     0.171991     0.212683     0.276134     0.524627     0.873034     0.155682
      2.57334    0.0930681    0.0555358     0.129809     0.152021     0.220462     0.290018     0.514295     0.916177     0.146781
      2.63826    0.0458631    0.0589967    0.0881617     0.141619     0.160439     0.264757     0.475243     0.850057     0.147393
      2.70545    0.0186070    0.0391015    0.0770525     0.107211     0.163937     0.247193     0.384621     0.710340     0.109771
      2.77271   -0.0119202   -0.0438381    0.0761624     0.102491     0.130991     0.134998     0.247650     0.387183    0.0874539
      2.84104  -0.00718420  -0.00112974    0.0265568    0.0576658    0.0483799    0.0263852    0.0727421     0.115268    0.0261812
      2.90701    -0.120768    -0.120439    0.0258238    0.0569114    0.0620317    0.0349460     0.103732     0.112105   0.00443638
      3.00971    -0.100740   0.00773066    0.0877470    0.0914410     0.133507     0.149956     0.176553     0.206926    0.0333490
      3.08846   -0.0581663  -0.00225192    0.0735452     0.133587     0.147909     0.213903     0.248372     0.214731    0.0220538
      3.15477    0.0243547    0.0338458     0.150714     0.159538     0.224876     0.224021     0.289050     0.255832    0.0252131
      3.23983     0.100502    0.0874015     0.142718     0.192182     0.237879     0.278786     0.360505     0.301562    0.0311111
      3.32471     0.160416     0.101621     0.201594     0.213222     0.268560     0.335483     0.489003     0.411676    0.0377461
      3.39041    0.0970768    0.0576364     0.164101     0.217604     0.308712     0.380657     0.509081     0.487507    0.0399454
      3.45666  0.000213710    0.0792094     0.131730     0.185673     0.233635     0.303274     0.525243     0.499992    0.0385808
      3.52189    0.0371900    0.0414898     0.200138     0.183902     0.266941     0.321457     0.533842     0.529300    0.0497606
      3.58826    0.0355972   0.00405743     0.200115     0.207484     0.240959     0.316565     0.521660     0.559747    0.0514649
      3.65686     0.180109     0.182403     0.196766     0.231633     0.294663     0.346401     0.577794     0.620758    0.0749062
      3.72559     0.143367     0.232315     0.124721     0.191146     0.304919     0.332144     0.498991     0.585121    0.0750829
      3.79258   -0.0940047    0.0502971    0.0581916     0.205079     0.262949     0.311040     0.501804     0.576376    0.0636388
      3.92292    0.0926727    0.0185234     0.102836     0.183528     0.232306     0.306073     0.526931     0.482510    0.0582905
      3.98836    0.0676574     0.174345    0.0632898     0.183778     0.205299     0.284946     0.433240     0.516833    0.0271958
      4.05514    0.0323780    0.0338888     0.159605     0.214958     0.213768     0.278121     0.386438     0.497439    0.0135158
      4.12315    -0.146117    0.0484522  -0.00779299     0.107618     0.217425     0.305101     0.384526     0.441314    0.0228574
      4.18975   -0.0119663   -0.0365556  -0.00874573    0.0855005     0.258472     0.184355     0.392269     0.415357    0.0584214
      4.25122    0.0234530    0.0940596    0.0671759    0.0861424     0.141373     0.223976     0.362408     0.413362    0.0231190
      4.32761    -0.243205     0.108788    0.0599355     0.219367     0.146527     0.265133     0.354703     0.445079    0.0618573
      4.40699  -0.00720070    0.0573444    0.0664335    0.0614928     0.153026     0.171967     0.336133     0.420544   -0.0255265
      4.47384    0.0940733   -0.0138244     0.107764    0.0294217     0.142494     0.293234     0.230621     0.330367    0.0969034
      4.54239     0.163749    0.0807948  -0.00395366    0.0697681     0.162947     0.270010     0.449056     0.404561   0.00224886
      4.61118   -0.0667190   -0.0787067  -0.00808716    -0.132870    0.0404819     0.234527     0.358637     0.379504   -0.0241528
      4.67865    -0.125528     0.254088    0.0827106    0.0379223     0.161680     0.161770     0.342994     0.382040    0.0279126
      4.74922         -NaN     0.121501    -0.175748    0.0976433     0.130592     0.225587     0.219172     0.470140    0.0255400
      4.82793         -NaN   -0.0871690    -0.150138     0.117471    0.0134377    0.0818862     0.248154     0.211358   -0.0197034
      4.89435         -NaN     0.439468   -0.0913948   -0.0184895 -0.000707070     0.317342     0.307237     0.276008   -0.0225054
      4.96287         -NaN     0.601159     0.108761     0.190100     0.418485     0.444088     0.420639     0.460142    0.0749855
      5.03157         -NaN    -0.231723    -0.107235     0.115604   -0.0400189     0.253660     0.155994     0.563804    0.0364762
      5.09497         -NaN         -NaN     0.206083    -0.314011    -0.181849     0.198588     0.645912     0.510913     0.171796
