           Altitudes
Wavelength      244.125      209.250      174.375      139.500      104.625      69.7500      34.8750      0.00000     -34.8750
------------------------------------------------------------------------------------------
     0.908741    0.0157486   0.00953204   0.00472467   0.00714669   0.00704071   0.00613623   0.00437667    0.0320213   0.00363307
     0.974142   0.00973981   0.00711926    0.0216590   0.00774000   0.00941451   0.00720350    0.0141848    0.0404484    0.0110015
      1.03977   0.00703112   0.00646835   0.00713136   0.00307637   0.00331853   0.00339661   0.00410457    0.0192263   0.00423762
      1.10602   0.00440651  0.000731561   0.00305355   0.00145313   0.00340983   0.00419097   0.00282444    0.0136590   0.00454221
      1.17171   0.00273235  0.000991642   0.00377139   0.00431833   0.00306967   0.00183356   0.00546093    0.0662475   0.00821320
      1.24521   0.00852123   0.00502927   0.00370204   0.00247243   0.00252791   0.00461393   0.00608026     0.308541   0.00613051
      1.32712   0.00396235   0.00649587   0.00996593   0.00478906   0.00847890   0.00409848   0.00884061    0.0298710   0.00694380
      1.40129    0.0174850    0.0109009    0.0103152   0.00751860   0.00409866   0.00541908   0.00220353    0.0724755    0.0122799
      1.46677    0.0159892    0.0140485   0.00985458    0.0198566    0.0126483    0.0156176   0.00387273     0.155699    0.0297200
      1.53231   0.00987862    0.0143316    0.0121839   0.00436920   0.00748312   0.00695372   0.00465275    0.0105680   0.00519465
      1.60961   0.00913080    0.0140784    0.0181143    0.0102360   0.00953140   0.00937127    0.0106674    0.0566188   0.00951340
      1.71354    0.0112736    0.0178534   0.00920641   0.00304395   0.00343557   0.00610619   0.00319845    0.0561302   0.00939689
      1.77928    0.0160267    0.0136950   0.00851206    0.0106932    0.0120917   0.00554833   0.00990592    0.0209297    0.0122984
      1.84460   0.00992777   0.00579177    0.0183325    0.0145818   0.00950069   0.00687506    0.0105673    0.0498027   0.00882493
      1.91100    0.0192513    0.0334336    0.0244584    0.0185385   0.00898031    0.0125572   0.00691662     0.124870    0.0221866
      1.97690    0.0176545    0.0116906   0.00387337   0.00628545   0.00461005   0.00803533   0.00709885    0.0246915   0.00260168
      2.04263   0.00853536    0.0147309    0.0112010    0.0117570    0.0134200   0.00864934   0.00681825    0.0247607  0.000963640
      2.10859   0.00979420   0.00522633    0.0194638   0.00178991   0.00937447   0.00614836   0.00175265    0.0565820    0.0112335
      2.17470    0.0248989    0.0270725    0.0150522   0.00420549    0.0106165   0.00802187    0.0185638    0.0829110    0.0134163
      2.24112    0.0193872    0.0200827   0.00550012   0.00276298   0.00349609   0.00872770   0.00407966    0.0130325   0.00542490
      2.30774   0.00968876    0.0106104    0.0100328   0.00561070   0.00363529   0.00828498   0.00650196    0.0787376   0.00643105
      2.37609    0.0260020    0.0124251    0.0200810   0.00991822    0.0102603    0.0281183    0.0152884    0.0174184    0.0112398
      2.44278    0.0152781    0.0182918   0.00673381   0.00927480    0.0149066    0.0141254    0.0102060    0.0150911   0.00503645
      2.50828    0.0148703    0.0198898   0.00695915   0.00358116   0.00485184    0.0132794   0.00966439    0.0154376   0.00819587
      2.57334     0.107141    0.0954910    0.0514438    0.0539321    0.0592608    0.0542546    0.0345411    0.0172357    0.0112373
      2.63826    0.0179713    0.0193947    0.0108312   0.00821756   0.00452861   0.00485430   0.00717717    0.0168377   0.00172685
      2.70545    0.0191454    0.0275573    0.0235888    0.0196175    0.0144631    0.0200565    0.0206965    0.0777768   0.00759176
      2.77271    0.0136971    0.0245180    0.0110528   0.00995571    0.0140834    0.0111084    0.0355191    0.0763938   0.00583538
      2.84104    0.0168398    0.0106592   0.00745946  0.000723783   0.00397739    0.0161019    0.0171335    0.0140848   0.00279660
      2.90701   0.00420682   0.00955295    0.0148960    0.0183806    0.0128944   0.00712759    0.0132950   0.00163734   0.00672556
      3.00971    0.0295031    0.0212831    0.0100460    0.0181033   0.00491083    0.0126769    0.0156916    0.0117449   0.00244452
      3.08846   0.00230123    0.0233703   0.00354299   0.00989251    0.0188161    0.0186159    0.0123350   0.00868433   0.00438205
      3.15477    0.0197956    0.0230562   0.00683650    0.0184896   0.00735233    0.0160280   0.00783022    0.0176871   0.00273437
      3.23983    0.0342074    0.0428580    0.0192177    0.0325189    0.0344507    0.0281242    0.0322064    0.0442434   0.00639857
      3.32471    0.0247075    0.0203240    0.0115811    0.0189698    0.0136853    0.0185674    0.0121467    0.0175520   0.00283131
      3.39041    0.0160094    0.0234422    0.0149548   0.00732967    0.0111566    0.0104373    0.0169434    0.0311841   0.00481232
      3.45666    0.0471836    0.0294862    0.0322731    0.0204582    0.0153824    0.0122641   0.00927104    0.0120169   0.00826530
      3.52189    0.0217067    0.0312289    0.0163719    0.0118990    0.0101111   0.00953083    0.0121427    0.0206427   0.00299510
      3.58826    0.0131024    0.0186949   0.00337962    0.0122746   0.00906847   0.00404242    0.0159356    0.0222691   0.00102769
      3.65686    0.0209297    0.0144771    0.0167320   0.00837270    0.0154665    0.0115962    0.0295911    0.0171115   0.00984941
      3.72559    0.0200421    0.0316151    0.0305919    0.0200025    0.0166207    0.0161353   0.00769732    0.0355828   0.00945840
      3.79258    0.0197135    0.0280256    0.0216583    0.0151756    0.0399197    0.0319191    0.0182815    0.0157078    0.0147344
      3.92292    0.0144154    0.0361383    0.0176033    0.0320352    0.0235821    0.0342741    0.0154404    0.0372251   0.00623742
      3.98836    0.0302522    0.0194227    0.0327315    0.0370339    0.0102139    0.0199624    0.0177733    0.0143556   0.00480164
      4.05514     0.101665    0.0226263    0.0245278    0.0660355    0.0605807    0.0522665    0.0249674    0.0600748    0.0215005
      4.12315    0.0513613    0.0425937    0.0323887    0.0297186    0.0244979    0.0124335   0.00252643    0.0316868   0.00873546
      4.18975   0.00836676    0.0456793    0.0419684    0.0143185    0.0249197    0.0164229    0.0118566    0.0435716    0.0108444
      4.25122    0.0483973    0.0390667    0.0385477    0.0393618   0.00784166   0.00363874    0.0248311    0.0155401   0.00940360
      4.32761    0.0358504    0.0338355    0.0163089    0.0193067    0.0333670    0.0150059   0.00990530    0.0160197   0.00628984
      4.40699    0.0454415    0.0181110    0.0466805    0.0546697    0.0385032    0.0402908    0.0163423    0.0443807   0.00744888
      4.47384    0.0721323    0.0636335    0.0292140    0.0205604    0.0438398    0.0294389    0.0273959    0.0678708    0.0292750
      4.54239    0.0736097    0.0780268    0.0537695    0.0444083    0.0199856    0.0499448    0.0390363    0.0801277    0.0140286
      4.61118    0.0799749    0.0942101    0.0648510    0.0166500    0.0616971    0.0422536    0.0252815    0.0506306    0.0237981
      4.67865    0.0209949    0.0785872    0.0413452    0.0506841    0.0356683    0.0147795    0.0551057    0.0401218    0.0215596
      4.74922    0.0902422     0.118434    0.0548767    0.0522410    0.0585042    0.0828445    0.0300623    0.0874374    0.0240423
      4.82793     0.112361    0.0732693    0.0925356    0.0797770    0.0697330    0.0354290    0.0752694    0.0272372    0.0152919
      4.89435     0.122820     0.104875     0.100469    0.0369011    0.0484320    0.0656361    0.0332382    0.0742445    0.0231221
      4.96287         -NaN         -NaN     0.149611    0.0483640    0.0913022     0.134331     0.125734    0.0797878    0.0195935
      5.03157         -NaN         -NaN     0.119452     0.138174    0.0965810     0.108603         -NaN         -NaN    0.0618959
      5.09497     0.265935         -NaN     0.305346         -NaN     0.108174    0.0884597     0.190156     0.206263    0.0856174
